l_NEW: 0.025, l_JD : 0.0, l_FMD: 0.0, l_MSE: 1.0, d_penalty: 0.0, L: 2, z_dim: 1, bs: 64
| EPOCH |      PLF-JD     |      PLF-FMD    |      PLF-NEW    |      MSE        |
   1   0 0 3.020484209060669 0.02289724536240101
   10   0 0 1.741798758506775 0.024633344262838364
   20   0 0 1.5487627983093262 0.025353681296110153
   30   0 0 1.4812474250793457 0.025351472198963165
   40   0 0 1.4228240251541138 0.026096060872077942
   50   0 0 1.388927698135376 0.02633397839963436
   60   0 0 1.374039888381958 0.026004336774349213
   70   0 0 1.4157578945159912 0.02586258202791214
   80   0 0 1.3780266046524048 0.02597821317613125
   90   0 0 1.3078768253326416 0.02577396109700203
   100   0 0 1.285438895225525 0.025860849767923355
   110   0 0 1.3663212060928345 0.026416169479489326
   120   0 0 1.2567784786224365 0.02616095170378685
   130   0 0 1.2454475164413452 0.026295090094208717
   140   0 0 1.229397177696228 0.026107244193553925
   150   0 0 1.1231145858764648 0.025780081748962402
   160   0 0 1.1960866451263428 0.025747228413820267
   170   0 0 1.126341700553894 0.026357365772128105
   180   0 0 1.1675711870193481 0.02636144682765007
   190   0 0 1.1596866846084595 0.026412170380353928
   200   0 0 1.1381921768188477 0.02690127305686474
   210   0 0 1.0946409702301025 0.026671195402741432
   220   0 0 1.1787304878234863 0.02682427689433098
   230   0 0 1.0885658264160156 0.026750540360808372
   240   0 0 1.0928558111190796 0.026853905990719795
   250   0 0 1.039344072341919 0.026683945208787918
   260   0 0 0.9937072992324829 0.02692941389977932
   270   0 0 1.0592206716537476 0.026733793318271637
   280   0 0 1.0260215997695923 0.026373019441962242
   290   0 0 0.9895643591880798 0.02664872258901596
   300   0 0 0.9694386124610901 0.026666691526770592
Total Training Time: 14.876865418884488 hours 
