l_NEW: 0.0, l_JD : 0.01, l_FMD: 0.0, l_MSE: 1.0, d_penalty: 0.0,step:[11, 5], L: 2, z_dim: 1, bs: 64, bit_rate: 2, s_b: False
| EPOCH |      PLF-JD     |      PLF-FMD    |      PLF-NEW    |      MSE        |
   1   2.5224573612213135 0 0 0.02555146999657154
   10   2.1566431522369385 0 0 0.027477461844682693
   20   1.7685517072677612 0 0 0.02780439518392086
   30   1.549370288848877 0 0 0.0283451359719038
   40   1.4204859733581543 0 0 0.02903103083372116
   50   1.5109467506408691 0 0 0.030541956424713135
   60   1.3767558336257935 0 0 0.030503764748573303
   70   1.4343410730361938 0 0 0.03007773868739605
   80   1.3589410781860352 0 0 0.03112630546092987
   90   1.3768010139465332 0 0 0.032178688794374466
   100   1.4064127206802368 0 0 0.031624745577573776
   110   1.4225717782974243 0 0 0.03133581951260567
   120   1.3713667392730713 0 0 0.03138274326920509
   130   1.366030216217041 0 0 0.031288664788007736
   140   1.362027645111084 0 0 0.03179169073700905
   150   1.2681975364685059 0 0 0.031118756160140038
   160   1.233931064605713 0 0 0.030979661270976067
   170   1.2820498943328857 0 0 0.03135417774319649
   180   1.2464503049850464 0 0 0.030567526817321777
   190   1.239301085472107 0 0 0.03115023858845234
   200   1.2888356447219849 0 0 0.030260397121310234
   210   1.2142622470855713 0 0 0.03070809133350849
   220   1.2360963821411133 0 0 0.031021175906062126
   230   1.1698673963546753 0 0 0.030357826501131058
   240   1.1410475969314575 0 0 0.031772714108228683
   250   1.3718494176864624 0 0 0.03137339651584625
   260   1.2680186033248901 0 0 0.031729020178318024
   270   1.2660328149795532 0 0 0.03056042268872261
   280   1.1795365810394287 0 0 0.030875707045197487
   290   1.2202881574630737 0 0 0.029527844861149788
   300   1.2370049953460693 0 0 0.030393069609999657
Total Training Time: 7.16413898355431 hours 
l_NEW: 0.0, l_JD : 0.01, l_FMD: 0.0, l_MSE: 1.0, d_penalty: 0.0,step:[11, 5], L: 2, z_dim: 1, bs: 64, bit_rate: 2, s_b: False
| EPOCH |      PLF-JD     |      PLF-FMD    |      PLF-NEW    |      MSE        |
   1   0.19804993271827698 0 0 0.028619004413485527
   10   0.3405107855796814 0 0 0.028865134343504906
   20   0.4706669747829437 0 0 0.029095742851495743
   30   0.4741743803024292 0 0 0.029300644993782043
   40   0.5094226002693176 0 0 0.029401328414678574
   50   0.5668768882751465 0 0 0.029668504372239113
   60   0.5936869382858276 0 0 0.030158445239067078
   70   0.6063242554664612 0 0 0.029435548931360245
   80   0.6303232908248901 0 0 0.029418092221021652
   90   0.7042725682258606 0 0 0.029494142159819603
   100   0.706159770488739 0 0 0.0295400507748127
   110   0.7885825634002686 0 0 0.029813719913363457
   120   0.8029745817184448 0 0 0.03009800799190998
   130   0.8226527571678162 0 0 0.029188048094511032
   140   0.8361137509346008 0 0 0.029493149369955063
   150   0.874867856502533 0 0 0.030300525948405266
Total Training Time: 3.608581859668096 hours 
