l_NEW: 0.0, l_JD : 0.003, l_FMD: 0.0, l_MSE: 1.0, d_penalty: 0.0, L: 2, z_dim: 2, bs: 64
| EPOCH |      PLF-JD     |      PLF-FMD    |      PLF-NEW    |      MSE        |
   1   3.7326385974884033 0 0 0.016148362308740616
   10   3.0331766605377197 0 0 0.01761319860816002
   20   2.9920053482055664 0 0 0.01788049191236496
   30   2.9353010654449463 0 0 0.018019210547208786
   40   2.9225337505340576 0 0 0.018030261620879173
   50   2.849839210510254 0 0 0.01824963092803955
   60   2.923783302307129 0 0 0.018233884125947952
   70   2.6970791816711426 0 0 0.018510300666093826
Total Training Time: 3.445198781689008 hours 
l_NEW: 0.0, l_JD : 0.003, l_FMD: 0.0, l_MSE: 1.0, d_penalty: 0.0, L: 2, z_dim: 2, bs: 64
| EPOCH |      PLF-JD     |      PLF-FMD    |      PLF-NEW    |      MSE        |
   1   2.7381539344787598 0 0 0.018439529463648796
   10   2.692873239517212 0 0 0.01855645887553692
   20   2.5712010860443115 0 0 0.018650135025382042
   30   2.5310046672821045 0 0 0.01870003528892994
   40   2.551900625228882 0 0 0.0186653770506382
   50   2.463228225708008 0 0 0.01887708157300949
   60   2.6000816822052 0 0 0.018669186159968376
   70   2.515214681625366 0 0 0.018805714324116707
Total Training Time: 3.499040816889869 hours 
l_NEW: 0.0, l_JD : 0.003, l_FMD: 0.0, l_MSE: 1.0, d_penalty: 0.0, L: 2, z_dim: 2, bs: 64
| EPOCH |      PLF-JD     |      PLF-FMD    |      PLF-NEW    |      MSE        |
   1   2.403724431991577 0 0 0.01878332532942295
   10   2.4131577014923096 0 0 0.018821077421307564
   20   2.48154878616333 0 0 0.018712090328335762
   30   2.4121482372283936 0 0 0.01890661008656025
   40   2.4245033264160156 0 0 0.018872477114200592
   50   2.3107922077178955 0 0 0.018973333761096
   60   2.433985471725464 0 0 0.01886218786239624
   70   2.3006482124328613 0 0 0.01908983290195465
Total Training Time: 3.3822190283404456 hours 
l_NEW: 0.0, l_JD : 0.003, l_FMD: 0.0, l_MSE: 1.0, d_penalty: 0.0, L: 2, z_dim: 2, bs: 64
| EPOCH |      PLF-JD     |      PLF-FMD    |      PLF-NEW    |      MSE        |
   1   2.294840097427368 0 0 0.019077185541391373
   10   2.2970516681671143 0 0 0.018930701538920403
   20   2.255542278289795 0 0 0.019171833992004395
   30   2.2314953804016113 0 0 0.01922341249883175
   40   2.269864797592163 0 0 0.019053760915994644
   50   2.2935919761657715 0 0 0.01911167800426483
   60   2.1495110988616943 0 0 0.019327310845255852
   70   2.278374195098877 0 0 0.018954448401927948
   80   2.2084126472473145 0 0 0.019278230145573616
Total Training Time: 3.911378009385533 hours 
l_NEW: 0.0, l_JD : 0.003, l_FMD: 0.0, l_MSE: 1.0, d_penalty: 0.0, L: 2, z_dim: 2, bs: 64
| EPOCH |      PLF-JD     |      PLF-FMD    |      PLF-NEW    |      MSE        |
   1   2.3067493438720703 0 0 0.01919110119342804
   10   2.2931854724884033 0 0 0.019109921529889107
Total Training Time: 0.5273066600163777 hours 
