l_NEW: 0.0, l_JD : 0.0, l_FMD: 0.025, l_MSE: 1.0, d_penalty: 0.0, L: 2, z_dim: 4, bs: 64
| EPOCH |      PLF-JD     |      PLF-FMD    |      PLF-NEW    |      MSE        |
   1   0 2.856473922729492 0 0.018524933606386185
   10   0 1.5262144804000854 0 0.020692305639386177
   20   0 1.4406640529632568 0 0.01984562538564205
   30   0 1.3732070922851562 0 0.020353851839900017
   40   0 1.232899785041809 0 0.020737284794449806
   50   0 1.283876657485962 0 0.02011066861450672
   60   0 1.2580492496490479 0 0.020081784576177597
   70   0 1.139111042022705 0 0.020350119099020958
   80   0 1.114188551902771 0 0.02029321901500225
   90   0 1.1023015975952148 0 0.020318597555160522
   100   0 1.0197926759719849 0 0.02057804726064205
   110   0 1.033277988433838 0 0.02019195444881916
   120   0 1.0160504579544067 0 0.020283278077840805
   130   0 0.958336591720581 0 0.020677847787737846
   140   0 0.9331609010696411 0 0.020731788128614426
   150   0 0.9165206551551819 0 0.02066902071237564
Total Training Time: 6.800959751672215 hours 
l_NEW: 0.0, l_JD : 0.0, l_FMD: 0.025, l_MSE: 1.0, d_penalty: 0.0, L: 2, z_dim: 4, bs: 64
| EPOCH |      PLF-JD     |      PLF-FMD    |      PLF-NEW    |      MSE        |
   1   0 0.9397379755973816 0 0.020481456071138382
   10   0 0.9003233909606934 0 0.020473284646868706
   20   0 0.8207101821899414 0 0.01997688040137291
   30   0 0.8893734216690063 0 0.020456047728657722
   40   0 0.896184504032135 0 0.020131025463342667
   50   0 0.8374037742614746 0 0.020650679245591164
   60   0 0.8126064538955688 0 0.020599626004695892
   70   0 0.8080242276191711 0 0.02048061043024063
   80   0 0.8103036284446716 0 0.02038484998047352
   90   0 0.7739206552505493 0 0.020304463803768158
   100   0 0.7855964303016663 0 0.020306479185819626
   110   0 0.7178133130073547 0 0.020489566028118134
   120   0 0.7583364248275757 0 0.020496178418397903
   130   0 0.7201051712036133 0 0.020521938800811768
   140   0 0.72200608253479 0 0.0206866804510355
   150   0 0.7260230779647827 0 0.020600683987140656
Total Training Time: 7.099209592872196 hours 
