l_NEW: 0.008, l_JD : 0.0, l_FMD: 0.0, l_MSE: 1.0, d_penalty: 0.0, L: 2, z_dim: 1, bs: 64
| EPOCH |      PLF-JD     |      PLF-FMD    |      PLF-NEW    |      MSE        |
   1   0 0 2.3004276752471924 0.02333509922027588
   10   0 0 1.6168917417526245 0.023766295984387398
   20   0 0 1.506427526473999 0.02404230833053589
   30   0 0 1.546250820159912 0.024277083575725555
   40   0 0 1.5320543050765991 0.023978324607014656
   50   0 0 1.4399607181549072 0.02433522418141365
   60   0 0 1.4519002437591553 0.024036984890699387
   70   0 0 1.3844516277313232 0.024392634630203247
   80   0 0 1.2950552701950073 0.024658774957060814
   90   0 0 1.4188096523284912 0.024178046733140945
   100   0 0 1.322715163230896 0.02459966205060482
   110   0 0 1.3087860345840454 0.024710459634661674
   120   0 0 1.304524540901184 0.024620313197374344
   130   0 0 1.2092686891555786 0.024902185425162315
   140   0 0 1.269538402557373 0.02487214095890522
   150   0 0 1.225415825843811 0.024631671607494354
Total Training Time: 7.3699023660686285 hours 
l_NEW: 0.008, l_JD : 0.0, l_FMD: 0.0, l_MSE: 1.0, d_penalty: 0.0, L: 2, z_dim: 1, bs: 64
| EPOCH |      PLF-JD     |      PLF-FMD    |      PLF-NEW    |      MSE        |
   1   0 0 1.2617096900939941 0.024930527433753014
   10   0 0 1.1946125030517578 0.02448347397148609
   20   0 0 1.2070820331573486 0.024664515629410744
   30   0 0 1.1440643072128296 0.024861831218004227
   40   0 0 1.2325787544250488 0.024836871773004532
   50   0 0 1.2420498132705688 0.024564320221543312
   60   0 0 1.1464111804962158 0.02489245869219303
   70   0 0 1.1345597505569458 0.025253918021917343
   80   0 0 1.1164186000823975 0.02486482635140419
   90   0 0 1.1417512893676758 0.024925831705331802
   100   0 0 1.1071679592132568 0.02510784938931465
   110   0 0 1.205361247062683 0.024535631760954857
   120   0 0 1.116331696510315 0.02481701225042343
   130   0 0 1.105735182762146 0.02498333714902401
   140   0 0 1.1138299703598022 0.024751070886850357
   150   0 0 1.0244665145874023 0.025123359635472298
Total Training Time: 7.312370646794637 hours 
