l_NEW: 0.0, l_JD : 0.01, l_FMD: 0.0, l_MSE: 1.0,step: 15, d_penalty: 0.0, L: 2, z_dim: 1-4, bs: 64
| EPOCH |      PLF-JD     |      PLF-FMD    |      PLF-NEW    |      MSE        |
   1   2.579843521118164 0 0 0.016243737190961838
   10   2.121150493621826 0 0 0.016629578545689583
   20   1.9479591846466064 0 0 0.017312416806817055
   30   1.99002206325531 0 0 0.01729588396847248
   40   1.9384198188781738 0 0 0.017172208055853844
   50   1.8386765718460083 0 0 0.017375757917761803
   60   1.9773526191711426 0 0 0.017162712290883064
   70   1.8958147764205933 0 0 0.017450001090765
   80   1.8726580142974854 0 0 0.016827905550599098
   90   1.8896093368530273 0 0 0.017277460545301437
   100   1.8589950799942017 0 0 0.017041170969605446
   110   1.9614708423614502 0 0 0.01699846051633358
   120   1.8259793519973755 0 0 0.01714790053665638
   130   1.8447444438934326 0 0 0.017041748389601707
l_NEW: 0.0, l_JD : 0.01, l_FMD: 0.0, l_MSE: 1.0,step: 15, d_penalty: 0.0, L: 2, z_dim: 1-4, bs: 64
| EPOCH |      PLF-JD     |      PLF-FMD    |      PLF-NEW    |      MSE        |
   1   1.8380851745605469 0 0 0.017213765531778336
   10   1.7778452634811401 0 0 0.017155425623059273
   20   1.801906943321228 0 0 0.01710442267358303
   30   1.8115811347961426 0 0 0.0170313511043787
   40   1.7655378580093384 0 0 0.017032770439982414
   50   1.7366302013397217 0 0 0.01678663305938244
   60   1.7124378681182861 0 0 0.01674017310142517
   70   1.742619514465332 0 0 0.016808221116662025
   80   1.7496517896652222 0 0 0.01667581871151924
   90   1.7180602550506592 0 0 0.016679786145687103
   100   1.7948801517486572 0 0 0.01676434464752674
   110   1.7966383695602417 0 0 0.01680709980428219
   120   1.7299145460128784 0 0 0.01669066585600376
   130   1.7546485662460327 0 0 0.01666642166674137
l_NEW: 0.0, l_JD : 0.01, l_FMD: 0.0, l_MSE: 1.0,step: 15, d_penalty: 0.0, L: 2, z_dim: 1-4, bs: 64
| EPOCH |      PLF-JD     |      PLF-FMD    |      PLF-NEW    |      MSE        |
   1   1.7578766345977783 0 0 0.016632378101348877
   10   1.7690794467926025 0 0 0.01679898612201214
   20   1.7622710466384888 0 0 0.0166061632335186
   30   1.7591516971588135 0 0 0.016725707799196243
   40   1.7963522672653198 0 0 0.016742605715990067
   50   1.8109655380249023 0 0 0.016684100031852722
   60   1.8593530654907227 0 0 0.016726454719901085
   70   1.7151566743850708 0 0 0.016474593430757523
   80   1.705137848854065 0 0 0.016584185883402824
   90   1.7803163528442383 0 0 0.016344266012310982
   100   1.7528971433639526 0 0 0.01634092628955841
   110   1.8068362474441528 0 0 0.016364773735404015
   120   1.8039919137954712 0 0 0.016550147905945778
   130   1.7922296524047852 0 0 0.01627744920551777
   140   1.7568970918655396 0 0 0.016331953927874565
   150   1.820692777633667 0 0 0.016124403104186058
   160   1.7965604066848755 0 0 0.016210569068789482
   170   1.8495782613754272 0 0 0.016341807320713997
   180   1.7996746301651 0 0 0.016437187790870667
   190   1.8512917757034302 0 0 0.01624118909239769
Total Training Time: 11.301923811038336 hours 
