l_NEW: 0.01, l_JD : 0.0, l_FMD: 0.0, l_MSE: 1.0, d_penalty: 0.0,step:15, L: 2, z_dim: 1, bs: 64, bit_rate: 2, s_b: False
| EPOCH |      PLF-JD     |      PLF-FMD    |      PLF-NEW    |      MSE        |
   1   0 0 2.4942080974578857 0.026941334828734398
l_NEW: 0.01, l_JD : 0.0, l_FMD: 0.0, l_MSE: 1.0, d_penalty: 0.0,step:15, L: 2, z_dim: 1, bs: 64, bit_rate: 2, s_b: False
| EPOCH |      PLF-JD     |      PLF-FMD    |      PLF-NEW    |      MSE        |
   1   0 0 4.301473140716553 0.023398790508508682
   10   0 0 3.664839029312134 0.02484270930290222
   20   0 0 3.4064090251922607 0.025238212198019028
   30   0 0 3.077730417251587 0.025685951113700867
   40   0 0 2.847054958343506 0.02573271282017231
   50   0 0 2.688587188720703 0.02605024166405201
   60   0 0 2.508899450302124 0.02636101469397545
   70   0 0 2.4228572845458984 0.026828529313206673
   80   0 0 2.4340906143188477 0.026209566742181778
   90   0 0 2.3145124912261963 0.027280114591121674
   100   0 0 2.337282657623291 0.026888886466622353
   110   0 0 2.3470168113708496 0.02708587609231472
   120   0 0 2.2963321208953857 0.02715008147060871
   130   0 0 2.377399206161499 0.027997370809316635
   140   0 0 2.3128654956817627 0.02753240242600441
   150   0 0 2.2890515327453613 0.02743356116116047
   160   0 0 2.269515037536621 0.02693989686667919
   170   0 0 2.203033924102783 0.027256803587079048
   180   0 0 2.261814832687378 0.02718055061995983
   190   0 0 2.117950677871704 0.02717766910791397
   200   0 0 2.102159023284912 0.027551984414458275
   210   0 0 2.102797031402588 0.027440084144473076
   220   0 0 2.095959424972534 0.027421103790402412
   230   0 0 2.039365291595459 0.02783123590052128
   240   0 0 1.994970679283142 0.02761102095246315
   250   0 0 1.9897129535675049 0.02732134610414505
   260   0 0 1.9745303392410278 0.027200711891055107
   270   0 0 1.9073786735534668 0.027599243447184563
   280   0 0 1.93617582321167 0.027398621663451195
   290   0 0 1.9631321430206299 0.027239790186285973
   300   0 0 1.9326118230819702 0.027139529585838318
Total Training Time: 13.211102412144344 hours 
