l_NEW: 0.0, l_JD : 0.0, l_FMD: 0.001, l_MSE: 1.0, d_penalty: 0.0, L: 2, z_dim: 4, bs: 64
| EPOCH |      PLF-JD     |      PLF-FMD    |      PLF-NEW    |      MSE        |
   1   0 4.497136116027832 0 0.011750024743378162
   10   0 3.984419345855713 0 0.011924750171601772
   20   0 3.896569013595581 0 0.011877918615937233
   30   0 4.009584903717041 0 0.01193232648074627
   40   0 4.004998683929443 0 0.011971716769039631
   50   0 4.163877010345459 0 0.011869442649185658
   60   0 3.8480963706970215 0 0.011978884227573872
   70   0 3.9051082134246826 0 0.01190953142940998
   80   0 3.970980405807495 0 0.011947019957005978
   90   0 3.8823840618133545 0 0.011885852552950382
   100   0 3.903179883956909 0 0.01197198498994112
   110   0 3.817384958267212 0 0.011998036876320839
   120   0 3.851533889770508 0 0.011969142593443394
   130   0 3.9288623332977295 0 0.011876667849719524
   140   0 3.9773950576782227 0 0.011986608617007732
   150   0 3.897244930267334 0 0.011915337294340134
Total Training Time: 7.164714438584116 hours 
l_NEW: 0.0, l_JD : 0.0, l_FMD: 0.001, l_MSE: 1.0, d_penalty: 0.0, L: 2, z_dim: 4, bs: 64
| EPOCH |      PLF-JD     |      PLF-FMD    |      PLF-NEW    |      MSE        |
   1   0 3.8707616329193115 0 0.01196784432977438
   10   0 3.9510550498962402 0 0.011955741792917252
   20   0 3.8835506439208984 0 0.011918770149350166
   30   0 3.8723866939544678 0 0.011917018331587315
   40   0 3.814600706100464 0 0.011948182247579098
   50   0 3.849597215652466 0 0.011894688941538334
   60   0 3.8842878341674805 0 0.011993039399385452
   70   0 3.8858509063720703 0 0.011930333450436592
   80   0 3.763087272644043 0 0.011866029351949692
   90   0 3.724536657333374 0 0.01191596407443285
   100   0 3.7938897609710693 0 0.011948831379413605
   110   0 3.7343246936798096 0 0.011994736269116402
   120   0 3.6513214111328125 0 0.012029307894408703
   130   0 3.783195972442627 0 0.011913158930838108
   140   0 3.6843323707580566 0 0.01213225070387125
   150   0 3.6225948333740234 0 0.011917310766875744
Total Training Time: 7.171024934848149 hours 
