l_NEW: 0.0, l_JD : 0.08, l_FMD: 0.0, l_MSE: 1.0,step: 15, d_penalty: 0.0, L: 2, z_dim: 1-4, bs: 64
| EPOCH |      PLF-JD     |      PLF-FMD    |      PLF-NEW    |      MSE        |
   1   3.4542202949523926 0 0 0.022031081840395927
   10   2.530172824859619 0 0 0.025021886453032494
   20   2.3289952278137207 0 0 0.025997241958975792
   30   2.191667079925537 0 0 0.02683136612176895
   40   2.1659278869628906 0 0 0.026336951181292534
   50   2.1771292686462402 0 0 0.027052292600274086
   60   2.1902551651000977 0 0 0.02687286026775837
   70   2.140770435333252 0 0 0.02700464054942131
   80   2.196791410446167 0 0 0.026771120727062225
   90   2.1807942390441895 0 0 0.02703900821506977
   100   2.152470588684082 0 0 0.026948414742946625
   110   2.165740966796875 0 0 0.026502760127186775
   120   2.1211025714874268 0 0 0.02726079523563385
   130   2.119812250137329 0 0 0.0272457804530859
   140   2.1044952869415283 0 0 0.026762792840600014
l_NEW: 0.0, l_JD : 0.08, l_FMD: 0.0, l_MSE: 1.0,step: 15, d_penalty: 0.0, L: 2, z_dim: 1-4, bs: 64
| EPOCH |      PLF-JD     |      PLF-FMD    |      PLF-NEW    |      MSE        |
   1   2.115534782409668 0 0 0.02652793377637863
   10   2.0612337589263916 0 0 0.026326948776841164
   20   2.089982748031616 0 0 0.026833802461624146
   30   2.0351147651672363 0 0 0.027097638696432114
   40   2.0505754947662354 0 0 0.026906680315732956
   50   2.035386085510254 0 0 0.02681310661137104
   60   2.002235174179077 0 0 0.02680981531739235
   70   1.945868968963623 0 0 0.026512477546930313
   80   1.944467306137085 0 0 0.02670268714427948
   90   1.9206762313842773 0 0 0.027510827407240868
   100   1.8846704959869385 0 0 0.02753518894314766
   110   1.9145327806472778 0 0 0.027060437947511673
   120   1.8952265977859497 0 0 0.02700909972190857
   130   1.8507792949676514 0 0 0.027389347553253174
l_NEW: 0.0, l_JD : 0.08, l_FMD: 0.0, l_MSE: 1.0,step: 15, d_penalty: 0.0, L: 2, z_dim: 1-4, bs: 64
| EPOCH |      PLF-JD     |      PLF-FMD    |      PLF-NEW    |      MSE        |
   1   1.8462170362472534 0 0 0.027177058160305023
   10   1.8607224225997925 0 0 0.026999063789844513
   20   1.8103219270706177 0 0 0.027402138337492943
   30   1.7862685918807983 0 0 0.027118440717458725
   40   1.786243200302124 0 0 0.027641672641038895
   50   1.8033337593078613 0 0 0.027546802535653114
   60   1.764315128326416 0 0 0.0275298822671175
   70   1.7636160850524902 0 0 0.027845928445458412
   80   1.761059045791626 0 0 0.0269097201526165
   90   1.7558079957962036 0 0 0.027424173429608345
   100   1.6938986778259277 0 0 0.027478964999318123
   110   1.696057915687561 0 0 0.027505341917276382
   120   1.7003225088119507 0 0 0.027744894847273827
   130   1.7096608877182007 0 0 0.027175335213541985
l_NEW: 0.0, l_JD : 0.08, l_FMD: 0.0, l_MSE: 1.0,step: 15, d_penalty: 0.0, L: 2, z_dim: 1-4, bs: 64
| EPOCH |      PLF-JD     |      PLF-FMD    |      PLF-NEW    |      MSE        |
   1   1.7245293855667114 0 0 0.027638249099254608
   10   1.7155309915542603 0 0 0.02772635966539383
   20   1.7146342992782593 0 0 0.027809953317046165
   30   1.6505615711212158 0 0 0.02737152762711048
   40   1.7320297956466675 0 0 0.02693874016404152
   50   1.672276258468628 0 0 0.027499035000801086
Total Training Time: 3.016806283262041 hours 
