l_NEW: 0.0, l_JD : 0.12, l_FMD: 0.0, l_MSE: 1.0, d_penalty: 0.0,step:20, L: 2, z_dim: 1, bs: 64, bit_rate: 2, s_b: False, dataset:mmnist_4_axis_random_sample_step
| EPOCH |      PLF-JD     |      PLF-FMD    |      PLF-NEW    |      MSE        |
   1   1.1838544607162476 0 0 0.03755480423569679
   10   1.0904169082641602 0 0 0.037763092666864395
   20   1.0956339836120605 0 0 0.03784938529133797
   30   1.0982842445373535 0 0 0.03763671591877937
   40   1.070637822151184 0 0 0.03795778006315231
   50   1.0672097206115723 0 0 0.03800516948103905
   60   1.0804097652435303 0 0 0.03847512602806091
   70   1.0503815412521362 0 0 0.03815964236855507
   80   1.0747953653335571 0 0 0.03788518160581589
   90   1.0460292100906372 0 0 0.03787935525178909
   100   1.0902694463729858 0 0 0.03778889775276184
   110   1.0050040483474731 0 0 0.03818630427122116
   120   1.0087839365005493 0 0 0.03848375752568245
   130   1.0196949243545532 0 0 0.03860950097441673
   140   1.0582358837127686 0 0 0.038018133491277695
   150   0.9848827123641968 0 0 0.0394456721842289
   160   1.0314816236495972 0 0 0.038299404084682465
   170   1.0197776556015015 0 0 0.039196304976940155
   180   1.038277506828308 0 0 0.03841255605220795
   190   1.0244545936584473 0 0 0.03875206038355827
   200   1.0205832719802856 0 0 0.038492828607559204
   210   1.0133615732192993 0 0 0.03860391303896904
   220   0.9883590340614319 0 0 0.03844934329390526
   230   0.9675163626670837 0 0 0.0379987433552742
   240   0.9937680959701538 0 0 0.038150038570165634
   250   0.9825512170791626 0 0 0.03826705738902092
   260   0.9862143993377686 0 0 0.03777811676263809
   270   0.9677115082740784 0 0 0.03819027543067932
   280   0.9972648024559021 0 0 0.038022615015506744
   290   0.9763270020484924 0 0 0.038280751556158066
   300   0.9925271272659302 0 0 0.03824443742632866
Total Training Time: 7.210360513925552 hours 
l_NEW: 0.0, l_JD : 0.12, l_FMD: 0.0, l_MSE: 1.0, d_penalty: 0.0,step:20, L: 2, z_dim: 1, bs: 64, bit_rate: 2, s_b: False, dataset:mmnist_4_axis_random_sample_step
| EPOCH |      PLF-JD     |      PLF-FMD    |      PLF-NEW    |      MSE        |
   1   2.1347944736480713 0 0 0.037069860845804214
   10   1.6563318967819214 0 0 0.03801529482007027
   20   1.5588936805725098 0 0 0.03914516791701317
   30   1.4043365716934204 0 0 0.03983861953020096
   40   1.3817294836044312 0 0 0.03970237076282501
   50   1.3115838766098022 0 0 0.03987985849380493
   60   1.2700891494750977 0 0 0.040140338242053986
   70   1.170917272567749 0 0 0.04083733260631561
   80   1.1054513454437256 0 0 0.04024697095155716
   90   1.146191954612732 0 0 0.03940167278051376
   100   1.0619980096817017 0 0 0.04015243425965309
   110   0.9590095281600952 0 0 0.04115770757198334
   120   0.9505932927131653 0 0 0.04058612883090973
   130   0.9662994146347046 0 0 0.03907632827758789
   140   0.9407128095626831 0 0 0.04006838798522949
   150   0.9251132011413574 0 0 0.039544861763715744
   160   0.953713059425354 0 0 0.0394323505461216
   170   0.9300304055213928 0 0 0.03876623511314392
   180   0.8612348437309265 0 0 0.039561428129673004
   190   0.8464421629905701 0 0 0.039801836013793945
   200   0.770130455493927 0 0 0.04055451601743698
   210   0.822372555732727 0 0 0.0401785783469677
   220   0.8018113374710083 0 0 0.04019204527139664
   230   0.7487886548042297 0 0 0.0398968905210495
   240   0.668036162853241 0 0 0.03949648141860962
   250   0.7322067618370056 0 0 0.040538299828767776
   260   0.7284075021743774 0 0 0.04003695398569107
   270   0.6800655126571655 0 0 0.04066363349556923
   280   0.6982499361038208 0 0 0.039793696254491806
   290   0.7660746574401855 0 0 0.040292542427778244
   300   0.7405803799629211 0 0 0.0394219271838665
Total Training Time: 7.15358721766207 hours 
