l_NEW: 0.0, l_JD : 0.07, l_FMD: 0.0, l_MSE: 1.0, d_penalty: 0.0,step:[11, 5], L: 2, z_dim: 1, bs: 64, bit_rate: 2, s_b: False
| EPOCH |      PLF-JD     |      PLF-FMD    |      PLF-NEW    |      MSE        |
   1   1.9550120830535889 0 0 0.030503537505865097
   10   2.245466947555542 0 0 0.034658294171094894
   20   1.7918012142181396 0 0 0.03355924040079117
   30   1.7508466243743896 0 0 0.03240865096449852
   40   1.7057204246520996 0 0 0.03262724727392197
   50   1.6417310237884521 0 0 0.03324930742383003
   60   1.4936997890472412 0 0 0.03313535824418068
   70   1.7357960939407349 0 0 0.03334400802850723
   80   1.5826365947723389 0 0 0.03410302475094795
   90   1.4946948289871216 0 0 0.034044601023197174
   100   1.5062626600265503 0 0 0.033435285091400146
   110   1.4335150718688965 0 0 0.0340641550719738
   120   1.5301737785339355 0 0 0.033648326992988586
   130   1.4083211421966553 0 0 0.033591799437999725
   140   1.477122187614441 0 0 0.0331018902361393
   150   1.5295233726501465 0 0 0.03406962379813194
   160   1.400054931640625 0 0 0.03282354772090912
   170   1.3633196353912354 0 0 0.03335883468389511
   180   1.3583077192306519 0 0 0.0349142923951149
   190   1.3576840162277222 0 0 0.034011442214250565
   200   1.4689308404922485 0 0 0.03406139463186264
   210   1.3332784175872803 0 0 0.03337870538234711
   220   1.34783136844635 0 0 0.03321126848459244
   230   1.306886076927185 0 0 0.03350374475121498
   240   1.3018940687179565 0 0 0.0344708189368248
   250   1.2805180549621582 0 0 0.034409645944833755
   260   1.2901381254196167 0 0 0.03282133862376213
   270   1.3252431154251099 0 0 0.03271570801734924
   280   1.2451715469360352 0 0 0.03451118245720863
   290   1.2314693927764893 0 0 0.03394965082406998
   300   1.2260024547576904 0 0 0.03399750962853432
Total Training Time: 7.247475384473801 hours 
l_NEW: 0.0, l_JD : 0.07, l_FMD: 0.0, l_MSE: 1.0, d_penalty: 0.0,step:[11, 5], L: 2, z_dim: 1, bs: 64, bit_rate: 2, s_b: False
| EPOCH |      PLF-JD     |      PLF-FMD    |      PLF-NEW    |      MSE        |
   1   0.026005903258919716 0 0 0.034989118576049805
   10   0.2952939569950104 0 0 0.0343734472990036
   20   0.37203481793403625 0 0 0.03417757526040077
   30   0.43003836274147034 0 0 0.03306666389107704
   40   0.5392678380012512 0 0 0.03229350596666336
   50   0.5796473622322083 0 0 0.03454917296767235
   60   0.6067347526550293 0 0 0.03275194391608238
   70   0.6495653390884399 0 0 0.03370362147688866
   80   0.684460461139679 0 0 0.032380152493715286
   90   0.7155576944351196 0 0 0.03361555561423302
   100   0.75241619348526 0 0 0.033854253590106964
   110   0.707256555557251 0 0 0.03403092175722122
   120   0.7761957049369812 0 0 0.03380654379725456
   130   0.7718940377235413 0 0 0.03299486264586449
   140   0.8335021138191223 0 0 0.0332915298640728
   150   0.8455374240875244 0 0 0.032959140837192535
Total Training Time: 3.6184915680355494 hours 
