l_NEW: 0.015, l_JD : 0.0, l_FMD: 0.0, l_MSE: 1.0, d_penalty: 0.0,step:15, L: 2, z_dim: 1, bs: 64, bit_rate: 2, s_b: False
| EPOCH |      PLF-JD     |      PLF-FMD    |      PLF-NEW    |      MSE        |
   1   0 0 4.1179046630859375 0.02491147071123123
   10   0 0 3.634486198425293 0.025596195831894875
   20   0 0 3.3423068523406982 0.025729123502969742
   30   0 0 3.000040292739868 0.026602478697896004
   40   0 0 2.6796324253082275 0.026908060535788536
   50   0 0 2.582659959793091 0.02703266404569149
   60   0 0 2.31557297706604 0.02746633253991604
   70   0 0 2.2539303302764893 0.02766161412000656
   80   0 0 2.2161619663238525 0.027823543176054955
   90   0 0 2.2717902660369873 0.027065258473157883
   100   0 0 2.2842957973480225 0.027567800134420395
   110   0 0 2.2523605823516846 0.027431979775428772
   120   0 0 2.2494711875915527 0.027708033099770546
   130   0 0 2.3006529808044434 0.02731112204492092
   140   0 0 2.31501841545105 0.027585232630372047
   150   0 0 2.2306509017944336 0.027682723477482796
   160   0 0 2.2685539722442627 0.027402566745877266
   170   0 0 2.2746405601501465 0.02763323485851288
   180   0 0 2.1863131523132324 0.028067899867892265
   190   0 0 2.2352135181427 0.02773660235106945
   200   0 0 2.2347161769866943 0.02716413326561451
   210   0 0 2.127084732055664 0.027992460876703262
   220   0 0 2.1287779808044434 0.02779267728328705
   230   0 0 2.116530418395996 0.028082754462957382
   240   0 0 2.061060905456543 0.027785276994109154
   250   0 0 2.08992600440979 0.027560964226722717
Total Training Time: 11.24296441965633 hours 
l_NEW: 0.015, l_JD : 0.0, l_FMD: 0.0, l_MSE: 1.0, d_penalty: 0.0,step:15, L: 2, z_dim: 1, bs: 64, bit_rate: 2, s_b: False
| EPOCH |      PLF-JD     |      PLF-FMD    |      PLF-NEW    |      MSE        |
   1   0 0 2.05981707572937 0.027395164594054222
   10   0 0 1.9537482261657715 0.028138048946857452
   20   0 0 1.9521437883377075 0.028369393199682236
   30   0 0 1.9132550954818726 0.027611736208200455
   40   0 0 1.8921599388122559 0.02806459739804268
   50   0 0 1.7873389720916748 0.027742983773350716
Total Training Time: 2.2300619550546013 hours 
