l_NEW: 0.0, l_JD : 0.03, l_FMD: 0.0, l_MSE: 1.0, d_penalty: 0.0,step:[11, 5], L: 2, z_dim: 1, bs: 64, bit_rate: 2, s_b: False
| EPOCH |      PLF-JD     |      PLF-FMD    |      PLF-NEW    |      MSE        |
   1   2.43516206741333 0 0 0.028952447697520256
   10   2.0040438175201416 0 0 0.0327640175819397
   20   1.5232925415039062 0 0 0.033571258187294006
   30   1.4183002710342407 0 0 0.033381927758455276
   40   1.4312955141067505 0 0 0.03305116668343544
   50   1.2474839687347412 0 0 0.03307047113776207
   60   1.3251948356628418 0 0 0.033270955085754395
   70   1.3975292444229126 0 0 0.03264603018760681
   80   1.2992726564407349 0 0 0.03236941248178482
   90   1.1919463872909546 0 0 0.03372718766331673
   100   1.3122478723526 0 0 0.033557355403900146
   110   1.2710999250411987 0 0 0.03340650722384453
   120   1.2245720624923706 0 0 0.03307248651981354
   130   1.2185264825820923 0 0 0.03319700062274933
   140   1.165255069732666 0 0 0.032436978071928024
   150   1.2314661741256714 0 0 0.03300481289625168
   160   1.3037443161010742 0 0 0.033019158989191055
   170   1.1375664472579956 0 0 0.03175704553723335
   180   1.3240169286727905 0 0 0.033038731664419174
   190   1.3355451822280884 0 0 0.032932065427303314
   200   1.1664199829101562 0 0 0.032430049031972885
   210   1.2124818563461304 0 0 0.03356901556253433
   220   1.2237154245376587 0 0 0.0320817194879055
   230   1.180649757385254 0 0 0.03332311287522316
   240   1.1451994180679321 0 0 0.0329151451587677
   250   1.059302806854248 0 0 0.03318130970001221
   260   1.2157193422317505 0 0 0.033458102494478226
   270   1.1124207973480225 0 0 0.033237431198358536
   280   1.1873704195022583 0 0 0.032171230763196945
   290   1.1706370115280151 0 0 0.032087914645671844
   300   1.310659646987915 0 0 0.03407130017876625
Total Training Time: 7.221532104147805 hours 
l_NEW: 0.0, l_JD : 0.03, l_FMD: 0.0, l_MSE: 1.0, d_penalty: 0.0,step:[11, 5], L: 2, z_dim: 1, bs: 64, bit_rate: 2, s_b: False
| EPOCH |      PLF-JD     |      PLF-FMD    |      PLF-NEW    |      MSE        |
   1   0.06715784966945648 0 0 0.030239088460803032
   10   0.23146949708461761 0 0 0.03062329813838005
   20   0.3428562879562378 0 0 0.030229713767766953
   30   0.4417493939399719 0 0 0.03077658638358116
   40   0.4144652783870697 0 0 0.031273238360881805
   50   0.5341116786003113 0 0 0.030965888872742653
   60   0.601451575756073 0 0 0.03263445198535919
   70   0.6484917998313904 0 0 0.03288522735238075
   80   0.6317335367202759 0 0 0.0315084308385849
   90   0.6276860237121582 0 0 0.032658159732818604
   100   0.6650060415267944 0 0 0.03206655755639076
   110   0.8170467019081116 0 0 0.03171168267726898
   120   0.7087991237640381 0 0 0.032622452825307846
   130   0.700054407119751 0 0 0.03278858959674835
   140   0.7295450568199158 0 0 0.031914401799440384
   150   0.7317165732383728 0 0 0.03211745619773865
Total Training Time: 3.5626992915736304 hours 
