l_NEW: 0.0, l_JD : 0.001, l_FMD: 0.0, l_MSE: 1.0, d_penalty: 0.0, L: 2, z_dim: 8, bs: 64
| EPOCH |      PLF-JD     |      PLF-FMD    |      PLF-NEW    |      MSE        |
l_NEW: 0.0, l_JD : 0.001, l_FMD: 0.0, l_MSE: 1.0, d_penalty: 0.0, L: 2, z_dim: 8, bs: 64
| EPOCH |      PLF-JD     |      PLF-FMD    |      PLF-NEW    |      MSE        |
   1   5.406686305999756 0 0 0.008858424611389637
   10   5.329184055328369 0 0 0.008957365527749062
   20   5.094127178192139 0 0 0.009066819213330746
   30   5.383928298950195 0 0 0.009050600230693817
   40   5.36128568649292 0 0 0.008975891396403313
   50   5.425951957702637 0 0 0.009024684317409992
   60   5.402045726776123 0 0 0.009045461192727089
   70   5.394032955169678 0 0 0.009017795324325562
   80   5.468742370605469 0 0 0.009011685848236084
   90   5.588189601898193 0 0 0.009018998593091965
   100   5.663461685180664 0 0 0.009000057354569435
   110   5.7162652015686035 0 0 0.008980726823210716
   120   5.653327941894531 0 0 0.00894258078187704
   130   5.741561412811279 0 0 0.00895617250353098
   140   5.625095844268799 0 0 0.008984518237411976
   150   5.634528160095215 0 0 0.00901632010936737
   160   5.6296491622924805 0 0 0.008981999009847641
   170   5.488202095031738 0 0 0.008911840617656708
   180   5.547099590301514 0 0 0.008937329985201359
   190   5.554182052612305 0 0 0.0089104063808918
   200   5.460137367248535 0 0 0.008934316225349903
   210   5.622231960296631 0 0 0.008953551761806011
   220   5.6148858070373535 0 0 0.00887905154377222
   230   5.54886531829834 0 0 0.008955582976341248
l_NEW: 0.0, l_JD : 0.001, l_FMD: 0.0, l_MSE: 1.0, d_penalty: 0.0, L: 2, z_dim: 8, bs: 64
| EPOCH |      PLF-JD     |      PLF-FMD    |      PLF-NEW    |      MSE        |
   1   5.59675931930542 0 0 0.008947103284299374
   10   5.5493855476379395 0 0 0.008893674239516258
   20   5.642366886138916 0 0 0.00888655986636877
   30   5.594690799713135 0 0 0.008898971602320671
   40   5.5886945724487305 0 0 0.008934603072702885
   50   5.679812908172607 0 0 0.008897625841200352
   60   5.5809855461120605 0 0 0.008866559714078903
   70   5.664498329162598 0 0 0.008893041871488094
Total Training Time: 3.365578306582239 hours 
