l_NEW: 0.0, l_JD : 0.02, l_FMD: 0.0, l_MSE: 1.0, d_penalty: 0.0,step:[11, 5], L: 2, z_dim: 1, bs: 64, bit_rate: 2, s_b: False
| EPOCH |      PLF-JD     |      PLF-FMD    |      PLF-NEW    |      MSE        |
   1   2.4022417068481445 0 0 0.027548888698220253
   10   2.1009719371795654 0 0 0.030302220955491066
   20   1.805464267730713 0 0 0.028896411880850792
   30   1.8329519033432007 0 0 0.030604468658566475
   40   1.499549150466919 0 0 0.03129397705197334
   50   1.3755617141723633 0 0 0.031913600862026215
   60   1.3349957466125488 0 0 0.0316600538790226
   70   1.5631870031356812 0 0 0.03177116438746452
   80   1.5109331607818604 0 0 0.031391117721796036
   90   1.4094111919403076 0 0 0.03169002756476402
   100   1.4599511623382568 0 0 0.031721994280815125
   110   1.3260875940322876 0 0 0.03210831433534622
   120   1.513203740119934 0 0 0.03378552570939064
   130   1.34621000289917 0 0 0.03499007225036621
   140   1.4064277410507202 0 0 0.03367620334029198
   150   1.4281831979751587 0 0 0.034194957464933395
   160   1.3411329984664917 0 0 0.03525020182132721
   170   1.5255699157714844 0 0 0.03498196601867676
   180   1.343601107597351 0 0 0.0362853929400444
   190   1.382914662361145 0 0 0.03401728346943855
   200   1.4832366704940796 0 0 0.032749734818935394
   210   1.4062697887420654 0 0 0.03407001122832298
   220   1.4222887754440308 0 0 0.03298790007829666
   230   1.323890209197998 0 0 0.03321370109915733
   240   1.341338872909546 0 0 0.03401739522814751
   250   1.3712620735168457 0 0 0.03543770685791969
   260   1.2626919746398926 0 0 0.03468131646513939
   270   1.3892451524734497 0 0 0.03509959578514099
   280   1.2585502862930298 0 0 0.03518546000123024
   290   1.2689697742462158 0 0 0.03483862057328224
   300   1.3041150569915771 0 0 0.03550109267234802
Total Training Time: 7.215306938621733 hours 
l_NEW: 0.0, l_JD : 0.02, l_FMD: 0.0, l_MSE: 1.0, d_penalty: 0.0,step:[11, 5], L: 2, z_dim: 1, bs: 64, bit_rate: 2, s_b: False
| EPOCH |      PLF-JD     |      PLF-FMD    |      PLF-NEW    |      MSE        |
   1   0.0700463354587555 0 0 0.03313665837049484
   10   0.30434274673461914 0 0 0.03240443021059036
   20   0.4140581786632538 0 0 0.03456863760948181
   30   0.48855623602867126 0 0 0.0325031541287899
   40   0.495706170797348 0 0 0.034307342022657394
   50   0.5180299282073975 0 0 0.03321285545825958
   60   0.5975708961486816 0 0 0.03309408947825432
   70   0.6293052434921265 0 0 0.0334063395857811
   80   0.7535763382911682 0 0 0.03417341411113739
   90   0.6098092794418335 0 0 0.034659985452890396
   100   0.80559903383255 0 0 0.03513367474079132
   110   0.7164903283119202 0 0 0.0342877022922039
   120   0.7479032278060913 0 0 0.034131430089473724
   130   0.7992457747459412 0 0 0.033612992614507675
   140   0.7237957715988159 0 0 0.03364478424191475
   150   0.7822309732437134 0 0 0.033881135284900665
Total Training Time: 3.6169135092364417 hours 
