l_NEW: 0.0, l_JD : 0.0, l_FMD: 0.0, l_MSE: 1.0,step: 15, d_penalty: 0.0, L: 2, z_dim: 1-4, bs: 64
| EPOCH |      PLF-JD     |      PLF-FMD    |      PLF-NEW    |      MSE        |
   1   8.886518478393555 9.072361946105957 9.088485717773438 0.01785755716264248
   10   8.028196334838867 8.597739219665527 8.463652610778809 0.014116395264863968
   20   7.760643005371094 7.7281365394592285 7.835303783416748 0.012975768186151981
   30   7.455883979797363 7.0497026443481445 7.343545913696289 0.012365128844976425
   40   6.869634628295898 6.785895347595215 6.807946681976318 0.011907635256648064
   50   6.43267297744751 6.626896381378174 6.377262115478516 0.011491961777210236
   60   6.470467567443848 6.269587516784668 6.264516830444336 0.011217382736504078
   70   6.026331424713135 6.073997974395752 6.177480220794678 0.01100318692624569
   80   6.010777950286865 5.919516086578369 5.898001670837402 0.010806039907038212
Total Training Time: 11.18050511015786 hours 
