l_NEW: 0.0, l_JD : 0.025, l_FMD: 0.0, l_MSE: 1.0, d_penalty: 0.0, L: 2, z_dim: 6, bs: 64
| EPOCH |      PLF-JD     |      PLF-FMD    |      PLF-NEW    |      MSE        |
   1   3.7787888050079346 0 0 0.01773812249302864
   10   3.460925817489624 0 0 0.019736219197511673
   20   3.38834547996521 0 0 0.020465830340981483
   30   3.5360915660858154 0 0 0.020014086738228798
   40   3.534942626953125 0 0 0.01927938498556614
   50   3.6678848266601562 0 0 0.01871173270046711
   60   3.655473232269287 0 0 0.018267013132572174
   70   3.7712395191192627 0 0 0.01808355189859867
   80   3.819319248199463 0 0 0.01784861646592617
   90   3.8210809230804443 0 0 0.017762212082743645
   100   3.743999481201172 0 0 0.017669647932052612
   110   3.8056769371032715 0 0 0.01738853007555008
   120   3.7924554347991943 0 0 0.017313042655587196
   130   3.8206019401550293 0 0 0.017257362604141235
   140   3.783442735671997 0 0 0.01715231128036976
   150   3.7702295780181885 0 0 0.017196038737893105
   160   3.8983993530273438 0 0 0.016911648213863373
   170   3.7974143028259277 0 0 0.01673191599547863
   180   3.863351583480835 0 0 0.016927339136600494
   190   3.8047096729278564 0 0 0.01683419570326805
   200   3.8453667163848877 0 0 0.016454283148050308
   210   3.833942174911499 0 0 0.01649174466729164
   220   3.8910861015319824 0 0 0.016485311090946198
   230   3.772812843322754 0 0 0.01659952662885189
   240   3.7971503734588623 0 0 0.016283657401800156
l_NEW: 0.0, l_JD : 0.025, l_FMD: 0.0, l_MSE: 1.0, d_penalty: 0.0, L: 2, z_dim: 6, bs: 64
| EPOCH |      PLF-JD     |      PLF-FMD    |      PLF-NEW    |      MSE        |
   1   3.860727548599243 0 0 0.016266638413071632
   10   3.854013204574585 0 0 0.016424503177404404
   20   3.8495733737945557 0 0 0.016115106642246246
   30   3.8103256225585938 0 0 0.01627948507666588
   40   3.7890868186950684 0 0 0.016159769147634506
   50   3.8957366943359375 0 0 0.016193512827157974
   60   3.835653066635132 0 0 0.01595623977482319
Total Training Time: 2.9937822557820213 hours 
