l_PN, l_P, l_MSE, d_penalty  0.0 0.0 1.0 0.0
| EPOCH | PLF-JD | PLF-FMD | PLF-NEW | MSE |
1 5.840976238250732 2.028855323791504 2.086015224456787 0.011967775411903858
10 5.906616687774658 2.1185996532440186 2.1429738998413086 0.011848364025354385
20 5.919209957122803 2.074810266494751 2.1944966316223145 0.01183099951595068
30 5.959414005279541 1.9749137163162231 2.1108615398406982 0.011891279369592667
40 5.964651107788086 2.0157573223114014 2.144115447998047 0.011969294399023056
50 5.850655555725098 1.94862961769104 2.086026430130005 0.011987986974418163
60 6.024118900299072 2.0844383239746094 2.137388229370117 0.011858472600579262
70 5.960865497589111 2.0319652557373047 2.0637781620025635 0.011840270832180977
80 5.910951614379883 2.0027692317962646 2.0281424522399902 0.01194650400429964
Total Training Time: 7.484707368214925 hours 
l_PN, l_P, l_MSE, d_penalty  0.0 0.0 1.0 0.0
| EPOCH | PLF-JD | PLF-FMD | PLF-NEW | MSE |
1 6.034826755523682 1.9262659549713135 1.992875576019287 0.011984172277152538
10 6.012994289398193 2.025198221206665 2.152242422103882 0.011886555701494217
20 6.107123851776123 1.943582534790039 2.0519137382507324 0.011908144690096378
30 6.071430206298828 1.933045506477356 2.0013322830200195 0.011828619986772537
40 6.103672027587891 1.9503511190414429 2.0260565280914307 0.011891446076333523
50 6.040606498718262 1.9409006834030151 2.0254204273223877 0.011937413364648819
60 5.943399429321289 1.873755693435669 1.9896103143692017 0.011938711628317833
70 6.135066986083984 1.966539740562439 2.045631170272827 0.01188437920063734
80 6.107748031616211 1.9874097108840942 2.013395071029663 0.011884932406246662
Total Training Time: 7.313093528350194 hours 
l_PN, l_P, l_MSE, d_penalty  0.0 0.0 1.0 0.0
| EPOCH | PLF-JD | PLF-FMD | PLF-NEW | MSE |
1 6.0453596115112305 1.977298617362976 2.0237197875976562 0.01189512014389038
10 6.044066905975342 1.9690178632736206 1.9792790412902832 0.0119134820997715
20 6.0209174156188965 1.7884371280670166 1.900894284248352 0.011973303742706776
30 6.122884273529053 1.952409267425537 2.0333166122436523 0.011840689927339554
40 6.071042537689209 1.8272088766098022 1.9124377965927124 0.011952342465519905
50 6.086826801300049 1.895275354385376 1.9431792497634888 0.011884666047990322
60 6.029177665710449 1.8483071327209473 1.9790359735488892 0.011919188313186169
70 6.039888381958008 1.8478935956954956 1.9419071674346924 0.01196586899459362
80 6.066360950469971 1.8584955930709839 1.9731518030166626 0.01186946127563715
Total Training Time: 7.367764360573557 hours 
l_NEW: 0.0, l_JD : 0.0, l_FMD: 0.002, l_MSE: 1.0, d_penalty: 0.0, L: 2, z_dim: 6, bs: 64
| EPOCH |      PLF-JD     |      PLF-FMD    |      PLF-NEW    |      MSE        |
   1   0 2.8502037525177 0 0.0109895970672369
l_NEW: 0.0, l_JD : 0.0, l_FMD: 0.002, l_MSE: 1.0, d_penalty: 0.0, L: 2, z_dim: 6, bs: 64
| EPOCH |      PLF-JD     |      PLF-FMD    |      PLF-NEW    |      MSE        |
   1   0 2.771681547164917 0 0.01104314997792244
   10   0 2.2382559776306152 0 0.011528851464390755
   20   0 2.151026725769043 0 0.011738615110516548
   30   0 2.2197823524475098 0 0.011605074629187584
   40   0 2.111778736114502 0 0.011710754595696926
