l_NEW: 0.0, l_JD : 0.003, l_FMD: 0.0, l_MSE: 1.0, d_penalty: 0.0, L: 2, z_dim: 8, bs: 64
| EPOCH |      PLF-JD     |      PLF-FMD    |      PLF-NEW    |      MSE        |
l_NEW: 0.0, l_JD : 0.003, l_FMD: 0.0, l_MSE: 1.0, d_penalty: 0.0, L: 2, z_dim: 8, bs: 64
| EPOCH |      PLF-JD     |      PLF-FMD    |      PLF-NEW    |      MSE        |
   1   4.499327659606934 0 0 0.010548906400799751
   10   3.7485527992248535 0 0 0.011967271566390991
   20   3.7068331241607666 0 0 0.012281649746000767
   30   3.693354845046997 0 0 0.012541311793029308
   40   3.5678305625915527 0 0 0.012807059101760387
   50   3.5689525604248047 0 0 0.012976568192243576
   60   3.511817455291748 0 0 0.013226721435785294
   70   3.473632574081421 0 0 0.01324843056499958
   80   3.396106481552124 0 0 0.013298881240189075
   90   3.431469678878784 0 0 0.013251062482595444
   100   3.410764694213867 0 0 0.013328840024769306
   110   3.2966723442077637 0 0 0.013494065031409264
   120   3.278651714324951 0 0 0.013649188913404942
   130   3.3070101737976074 0 0 0.013488574884831905
   140   3.339841604232788 0 0 0.013556345365941525
   150   3.2258224487304688 0 0 0.013667161576449871
   160   3.1467854976654053 0 0 0.013805280439555645
   170   3.1682441234588623 0 0 0.013787124305963516
   180   3.113368272781372 0 0 0.013740191236138344
   190   3.0927035808563232 0 0 0.01388454344123602
   200   3.066091775894165 0 0 0.013899920508265495
   210   3.144927740097046 0 0 0.013888268731534481
   220   3.0477676391601562 0 0 0.014067900367081165
   230   2.985996723175049 0 0 0.014090257696807384
   240   3.0220351219177246 0 0 0.01404640730470419
l_NEW: 0.0, l_JD : 0.003, l_FMD: 0.0, l_MSE: 1.0, d_penalty: 0.0, L: 2, z_dim: 8, bs: 64
| EPOCH |      PLF-JD     |      PLF-FMD    |      PLF-NEW    |      MSE        |
   1   3.0615601539611816 0 0 0.013929699547588825
   10   3.0068531036376953 0 0 0.014112114906311035
   20   2.9944393634796143 0 0 0.014059537090361118
   30   3.0093071460723877 0 0 0.014014418236911297
   40   2.9504008293151855 0 0 0.014192238450050354
   50   3.00313138961792 0 0 0.013981465250253677
   60   2.9830596446990967 0 0 0.014161691069602966
Total Training Time: 2.954928366806772 hours 
