l_NEW: 0.0, l_JD : 0.0, l_FMD: 0.005, l_MSE: 1.0, d_penalty: 0.0, L: 2, z_dim: 4, bs: 64
| EPOCH |      PLF-JD     |      PLF-FMD    |      PLF-NEW    |      MSE        |
   1   0 2.5168392658233643 0 0.014844161458313465
   10   0 1.5878479480743408 0 0.01670348085463047
   20   0 1.4985201358795166 0 0.016832802444696426
   30   0 1.4495294094085693 0 0.01659097522497177
   40   0 1.4831751585006714 0 0.016537616029381752
   50   0 1.3610141277313232 0 0.016878914088010788
   60   0 1.3436208963394165 0 0.016962818801403046
   70   0 1.274337887763977 0 0.016855904832482338
   80   0 1.3241053819656372 0 0.016730643808841705
   90   0 1.2132724523544312 0 0.016825905069708824
   100   0 1.3204692602157593 0 0.016611970961093903
   110   0 1.2657405138015747 0 0.016755370423197746
   120   0 1.1961344480514526 0 0.016793033108115196
   130   0 1.2433968782424927 0 0.016629448160529137
   140   0 1.1968010663986206 0 0.01681380346417427
   150   0 1.1848136186599731 0 0.016788091510534286
Total Training Time: 6.915726384984122 hours 
l_NEW: 0.0, l_JD : 0.0, l_FMD: 0.005, l_MSE: 1.0, d_penalty: 0.0, L: 2, z_dim: 4, bs: 64
| EPOCH |      PLF-JD     |      PLF-FMD    |      PLF-NEW    |      MSE        |
   1   0 1.1511518955230713 0 0.016851380467414856
   10   0 1.2281993627548218 0 0.016753116622567177
   20   0 1.194527268409729 0 0.01657513529062271
   30   0 1.1852610111236572 0 0.016925502568483353
   40   0 1.1308144330978394 0 0.016982270404696465
   50   0 1.1616640090942383 0 0.01675190031528473
   60   0 1.0881800651550293 0 0.016705485060811043
   70   0 1.1152539253234863 0 0.016838405281305313
   80   0 1.0549110174179077 0 0.01682395115494728
   90   0 1.0895466804504395 0 0.016854291781783104
   100   0 1.0357451438903809 0 0.016841154545545578
   110   0 1.083260416984558 0 0.01661079376935959
   120   0 1.0982763767242432 0 0.016788234934210777
   130   0 1.087045669555664 0 0.016726236790418625
   140   0 1.0362305641174316 0 0.016897030174732208
   150   0 1.0614525079727173 0 0.01666858419775963
Total Training Time: 7.085929744442304 hours 
