l_NEW: 0.0, l_JD : 0.0, l_FMD: 0.0, l_MSE: 1.0,step: 15, d_penalty: 0.0, L: 2, z_dim: 1-4, bs: 64
| EPOCH |      PLF-JD     |      PLF-FMD    |      PLF-NEW    |      MSE        |
l_NEW: 0.0, l_JD : 0.0, l_FMD: 0.0, l_MSE: 1.0,step: 15, d_penalty: 0.0, L: 2, z_dim: 1-4, bs: 64
| EPOCH |      PLF-JD     |      PLF-FMD    |      PLF-NEW    |      MSE        |
l_NEW: 0.0, l_JD : 0.0, l_FMD: 0.0, l_MSE: 1.0,step: 15, d_penalty: 0.0, L: 2, z_dim: 1-4, bs: 64
| EPOCH |      PLF-JD     |      PLF-FMD    |      PLF-NEW    |      MSE        |
   1   9.480216979980469 9.919733047485352 9.682361602783203 0.019688082858920097
   1   9.322796821594238 9.737605094909668 9.507678985595703 0.018445558845996857
   1   9.232645034790039 9.601929664611816 9.334857940673828 0.018357044085860252
   10   8.353407859802246 8.509861946105957 8.495160102844238 0.014340248890221119
   10   8.129088401794434 8.39352035522461 8.640052795410156 0.01425912231206894
   10   8.49949836730957 8.593157768249512 8.818367004394531 0.01420984324067831
   20   7.85420560836792 7.8379034996032715 7.518771648406982 0.013198962435126305
   20   8.01279354095459 8.007085800170898 8.159838676452637 0.013208172284066677
   20   8.04142951965332 7.7594075202941895 7.8009138107299805 0.013025876134634018
   30   7.5438551902771 7.457862854003906 7.405692100524902 0.012511384673416615
   30   7.396395206451416 7.250217914581299 7.4723429679870605 0.01250641979277134
   30   7.258163928985596 7.339145660400391 7.181943893432617 0.012382163666188717
   40   7.205880641937256 7.132392406463623 7.094441890716553 0.011973590590059757
   40   7.0082268714904785 6.733408451080322 7.063272476196289 0.011933417990803719
   40   7.109592914581299 7.212080955505371 6.7725043296813965 0.011841606348752975
   50   6.781407356262207 6.184035778045654 6.692430019378662 0.011561231687664986
   50   6.688655853271484 6.66615104675293 6.5217604637146 0.011534213088452816
   50   6.4640350341796875 6.498387336730957 6.356450080871582 0.011382280848920345
   60   6.795863628387451 6.437553882598877 6.371671199798584 0.011198149994015694
   60   6.237876892089844 6.350789546966553 6.4517340660095215 0.011340685188770294
   60   5.995800018310547 6.047037601470947 6.227729797363281 0.01106333639472723
   70   6.3715620040893555 6.058005332946777 6.063291072845459 0.010912353172898293
   70   6.328425884246826 6.156444072723389 6.342615127563477 0.011055616661906242
   70   5.897313594818115 6.055476665496826 5.908205032348633 0.010850740596652031
   80   6.429556369781494 5.876271724700928 5.824762344360352 0.010664491914212704
   80   6.034723281860352 5.881557464599609 5.948707580566406 0.010914170183241367
   80   5.659106731414795 5.683932781219482 5.694397449493408 0.010540176182985306
