l_NEW: 0.01, l_JD : 0.0, l_FMD: 0.0, l_MSE: 1.0, d_penalty: 0.0, L: 2, z_dim: 1, bs: 64
| EPOCH |      PLF-JD     |      PLF-FMD    |      PLF-NEW    |      MSE        |
   1   0 0 2.429151773452759 0.022959306836128235
   10   0 0 1.4704186916351318 0.024267064407467842
   20   0 0 1.542310357093811 0.024247121065855026
   30   0 0 1.3987250328063965 0.024761274456977844
   40   0 0 1.4171130657196045 0.024542000144720078
   50   0 0 1.391951084136963 0.024768680334091187
   60   0 0 1.3485419750213623 0.025016479194164276
   70   0 0 1.4060391187667847 0.02489800564944744
   80   0 0 1.3343820571899414 0.025111738592386246
   90   0 0 1.3342645168304443 0.025115573778748512
   100   0 0 1.3012551069259644 0.02506355196237564
   110   0 0 1.1434030532836914 0.02493869885802269
   120   0 0 1.274166226387024 0.025068385526537895
   130   0 0 1.2361195087432861 0.025458337739109993
   140   0 0 1.184865951538086 0.025163523852825165
   150   0 0 1.1959383487701416 0.02527761273086071
Total Training Time: 7.424695039722654 hours 
l_NEW: 0.01, l_JD : 0.0, l_FMD: 0.0, l_MSE: 1.0, d_penalty: 0.0, L: 2, z_dim: 1, bs: 64
| EPOCH |      PLF-JD     |      PLF-FMD    |      PLF-NEW    |      MSE        |
   1   0 0 1.162264347076416 0.025561369955539703
   10   0 0 1.1430115699768066 0.025772416964173317
   20   0 0 1.1554450988769531 0.025185151025652885
   30   0 0 1.1995501518249512 0.025122148916125298
   40   0 0 1.0707370042800903 0.025872182101011276
   50   0 0 1.1254855394363403 0.025166800245642662
   60   0 0 0.9987567663192749 0.02499791793525219
   70   0 0 1.1248118877410889 0.025403214618563652
   80   0 0 1.0474371910095215 0.02568081207573414
   90   0 0 1.0634691715240479 0.025206727907061577
   100   0 0 0.9893207550048828 0.0257368516176939
   110   0 0 1.035265326499939 0.025373170152306557
   120   0 0 1.0475547313690186 0.025585507974028587
   130   0 0 0.9829947352409363 0.025642450898885727
   140   0 0 0.9992030262947083 0.025586990639567375
   150   0 0 0.9790464043617249 0.025992969051003456
Total Training Time: 7.19675033668677 hours 
