l_NEW: 0.0, l_JD : 0.002, l_FMD: 0.0, l_MSE: 1.0, d_penalty: 0.0, L: 2, z_dim: 1, bs: 64
| EPOCH |      PLF-JD     |      PLF-FMD    |      PLF-NEW    |      MSE        |
   1   4.630537509918213 0 0 0.016417767852544785
   10   3.8957619667053223 0 0 0.01740364357829094
   20   3.946843147277832 0 0 0.017608115449547768
   30   3.870603322982788 0 0 0.017980989068746567
   40   3.798100471496582 0 0 0.017762109637260437
   50   3.892819404602051 0 0 0.01776842772960663
   60   3.8012642860412598 0 0 0.017793770879507065
   70   3.733607053756714 0 0 0.017870722338557243
   80   3.6649301052093506 0 0 0.017818335443735123
   90   3.4578373432159424 0 0 0.01787695847451687
   100   3.58608078956604 0 0 0.017851565033197403
   110   3.720791816711426 0 0 0.01788126863539219
   120   3.735431671142578 0 0 0.01788996160030365
   130   3.496903896331787 0 0 0.017978545278310776
   140   3.546229839324951 0 0 0.01820472814142704
   150   3.742295026779175 0 0 0.017975252121686935
Total Training Time: 7.33622555633386 hours 
l_NEW: 0.0, l_JD : 0.002, l_FMD: 0.0, l_MSE: 1.0, d_penalty: 0.0, L: 2, z_dim: 1, bs: 64
| EPOCH |      PLF-JD     |      PLF-FMD    |      PLF-NEW    |      MSE        |
   1   3.621523141860962 0 0 0.01790669560432434
   10   3.463951826095581 0 0 0.01799963042140007
   20   3.551309585571289 0 0 0.017938988283276558
   30   3.670538902282715 0 0 0.017892440780997276
   40   3.699960708618164 0 0 0.01784386672079563
   50   3.586871862411499 0 0 0.018068986013531685
   60   3.5962092876434326 0 0 0.017866192385554314
   70   3.636276960372925 0 0 0.017961282283067703
   80   3.510568141937256 0 0 0.017909420654177666
   90   3.5765397548675537 0 0 0.017952818423509598
   100   3.561326026916504 0 0 0.018052957952022552
   110   3.4403233528137207 0 0 0.018028058111667633
   120   3.4990997314453125 0 0 0.01804068125784397
   130   3.5502896308898926 0 0 0.01802198216319084
   140   3.523488998413086 0 0 0.01805155538022518
   150   3.4831531047821045 0 0 0.017975185066461563
Total Training Time: 7.3677117041084506 hours 
