l_NEW: 0.025, l_JD : 0.0, l_FMD: 0.0, l_MSE: 1.0, d_penalty: 0.0, L: 2, z_dim: 4, bs: 64
| EPOCH |      PLF-JD     |      PLF-FMD    |      PLF-NEW    |      MSE        |
   1   0 0 2.840292453765869 0.01845303364098072
   10   0 0 1.5773977041244507 0.020266864448785782
   20   0 0 1.4506595134735107 0.01972340978682041
   30   0 0 1.4065022468566895 0.01989337056875229
   40   0 0 1.3842490911483765 0.01989453285932541
   50   0 0 1.3274753093719482 0.019777866080403328
   60   0 0 1.3150432109832764 0.020206142216920853
   70   0 0 1.2960630655288696 0.01994229666888714
   80   0 0 1.3145503997802734 0.01980779692530632
   90   0 0 1.2441415786743164 0.020035425201058388
   100   0 0 1.2161033153533936 0.02014305628836155
   110   0 0 1.2297154664993286 0.019995152950286865
   120   0 0 1.172347068786621 0.019941523671150208
   130   0 0 1.1886255741119385 0.020798906683921814
   140   0 0 1.220873475074768 0.019632264971733093
   150   0 0 1.1684669256210327 0.020245803520083427
   160   0 0 1.1570072174072266 0.020221197977662086
   170   0 0 1.0828518867492676 0.019962478429079056
   180   0 0 1.0754960775375366 0.0202926192432642
   190   0 0 1.0368435382843018 0.020439868792891502
   200   0 0 1.0652735233306885 0.020012356340885162
   210   0 0 1.044622778892517 0.019797520712018013
   220   0 0 0.9980648159980774 0.020149901509284973
   230   0 0 0.9909232258796692 0.020161710679531097
   240   0 0 1.0159093141555786 0.020007621496915817
l_NEW: 0.025, l_JD : 0.0, l_FMD: 0.0, l_MSE: 1.0, d_penalty: 0.0, L: 2, z_dim: 4, bs: 64
| EPOCH |      PLF-JD     |      PLF-FMD    |      PLF-NEW    |      MSE        |
   1   0 0 1.0097624063491821 0.01998940110206604
   10   0 0 0.9725968241691589 0.020321493968367577
   20   0 0 0.9526888132095337 0.020047804340720177
   30   0 0 0.9487430453300476 0.019977543503046036
   40   0 0 0.9441918134689331 0.02025623619556427
   50   0 0 0.9444881081581116 0.02023233473300934
   60   0 0 0.9252122044563293 0.019991975277662277
Total Training Time: 2.8961495262384416 hours 
