l_NEW: 0.0, l_JD : 0.05, l_FMD: 0.0, l_MSE: 1.0, d_penalty: 0.0,step:15, L: 2, z_dim: 1, bs: 64, bit_rate: 2, s_b: False
| EPOCH |      PLF-JD     |      PLF-FMD    |      PLF-NEW    |      MSE        |
   1   4.187617778778076 0 0 0.026479482650756836
   10   3.7088675498962402 0 0 0.02725176513195038
   20   3.10577130317688 0 0 0.028218945488333702
   30   2.958834409713745 0 0 0.028430847451090813
   40   2.6707968711853027 0 0 0.02990376204252243
   50   2.3886685371398926 0 0 0.028995223343372345
   60   2.332829475402832 0 0 0.02930459752678871
   70   2.2655446529388428 0 0 0.029354946687817574
   80   2.218473196029663 0 0 0.02935505099594593
   90   2.252977132797241 0 0 0.02969987876713276
   100   2.186950922012329 0 0 0.029159018769860268
   110   2.239405393600464 0 0 0.029279636219143867
   120   2.2882955074310303 0 0 0.02973533235490322
   130   2.276154041290283 0 0 0.02959379367530346
   140   2.244274377822876 0 0 0.029680950567126274
   150   2.2531485557556152 0 0 0.029629481956362724
Total Training Time: 6.453385438786612 hours 
l_NEW: 0.0, l_JD : 0.05, l_FMD: 0.0, l_MSE: 1.0, d_penalty: 0.0,step:15, L: 2, z_dim: 1, bs: 64, bit_rate: 2, s_b: False
| EPOCH |      PLF-JD     |      PLF-FMD    |      PLF-NEW    |      MSE        |
   1   2.293379545211792 0 0 0.030154254287481308
   10   2.2790095806121826 0 0 0.029669933021068573
   20   2.227975606918335 0 0 0.029487518593668938
   30   2.187340021133423 0 0 0.029624788090586662
   40   2.123958110809326 0 0 0.029146788641810417
   50   2.1250674724578857 0 0 0.029447924345731735
   60   2.0881540775299072 0 0 0.030204854905605316
   70   2.089726209640503 0 0 0.029593350365757942
   80   2.0336461067199707 0 0 0.03005465678870678
   90   2.00262188911438 0 0 0.03094962239265442
   100   2.0143282413482666 0 0 0.03231915831565857
   110   1.9600247144699097 0 0 0.031300466507673264
   120   1.8334816694259644 0 0 0.031655337661504745
   130   1.9201215505599976 0 0 0.032096948474645615
   140   1.8055024147033691 0 0 0.031501226127147675
   150   1.7195640802383423 0 0 0.031393058598041534
Total Training Time: 6.597979409297308 hours 
l_NEW: 0.0, l_JD : 0.05, l_FMD: 0.0, l_MSE: 1.0, d_penalty: 0.0,step:15, L: 2, z_dim: 1, bs: 64, bit_rate: 2, s_b: False
| EPOCH |      PLF-JD     |      PLF-FMD    |      PLF-NEW    |      MSE        |
   1   1.7928217649459839 0 0 0.03131352737545967
   10   1.6994248628616333 0 0 0.032161638140678406
   20   1.6810150146484375 0 0 0.032302845269441605
   30   1.6673201322555542 0 0 0.03299456834793091
   40   1.6138279438018799 0 0 0.03175092115998268
   50   1.613631010055542 0 0 0.032372117042541504
   60   1.5903993844985962 0 0 0.03349766135215759
   70   1.5423344373703003 0 0 0.03373277187347412
   80   1.49848473072052 0 0 0.03293709456920624
   90   1.5477137565612793 0 0 0.03357032686471939
   100   1.4505096673965454 0 0 0.03342363238334656
   110   1.4102797508239746 0 0 0.03336591646075249
   120   1.406200885772705 0 0 0.033327724784612656
   130   1.454775333404541 0 0 0.03293025866150856
   140   1.3909900188446045 0 0 0.03383380174636841
   150   1.376232385635376 0 0 0.03359656780958176
Total Training Time: 6.337104459007581 hours 
