l_NEW: 0.0, l_JD : 0.0001, l_FMD: 0.0, l_MSE: 1.0, d_penalty: 0.0,step:[11, 5], L: 2, z_dim: 1, bs: 64, bit_rate: 2, s_b: False
| EPOCH |      PLF-JD     |      PLF-FMD    |      PLF-NEW    |      MSE        |
   1   7.103994846343994 0 0 0.015171252191066742
   10   8.324115753173828 0 0 0.015143223106861115
   20   8.77060604095459 0 0 0.01512485183775425
   30   8.620634078979492 0 0 0.015062496066093445
   40   8.858169555664062 0 0 0.015045957639813423
   50   9.016565322875977 0 0 0.01507833506911993
   60   9.026512145996094 0 0 0.015119469724595547
   70   8.73125171661377 0 0 0.015055007301270962
   80   8.784517288208008 0 0 0.015153240412473679
   90   9.200785636901855 0 0 0.015059296041727066
   100   9.0750093460083 0 0 0.015042901039123535
   110   8.804489135742188 0 0 0.015023107640445232
   120   9.207000732421875 0 0 0.015054389834403992
   130   8.881523132324219 0 0 0.015080021694302559
   140   9.05003833770752 0 0 0.0150255486369133
   150   9.052901268005371 0 0 0.01504287589341402
   160   9.002358436584473 0 0 0.015002558939158916
   170   9.014928817749023 0 0 0.015027604065835476
   180   9.026103973388672 0 0 0.014966120943427086
   190   9.091469764709473 0 0 0.015001611784100533
   200   9.253846168518066 0 0 0.01502459216862917
   210   8.825677871704102 0 0 0.015049257315695286
   220   8.848050117492676 0 0 0.014968106523156166
   230   9.068873405456543 0 0 0.01506209559738636
   240   8.916845321655273 0 0 0.015010678209364414
   250   8.975212097167969 0 0 0.014946619980037212
   260   8.825191497802734 0 0 0.01497271005064249
   270   8.77135181427002 0 0 0.014913197606801987
   280   8.936135292053223 0 0 0.01495036669075489
   290   8.978109359741211 0 0 0.014954728074371815
   300   9.029515266418457 0 0 0.014947902411222458
   310   8.89819049835205 0 0 0.014894014224410057
   320   9.00609016418457 0 0 0.014896283857524395
   330   9.07505989074707 0 0 0.014936293475329876
   340   8.898719787597656 0 0 0.014919372275471687
   350   8.805268287658691 0 0 0.014906488358974457
   360   8.849125862121582 0 0 0.01487654261291027
   370   8.91329574584961 0 0 0.014944909140467644
   380   8.805700302124023 0 0 0.014949235133826733
   390   9.01060962677002 0 0 0.014876877889037132
   400   9.099352836608887 0 0 0.014871926046907902
   410   8.868042945861816 0 0 0.014928990043699741
   420   8.8272066116333 0 0 0.014899528585374355
   430   8.956230163574219 0 0 0.014841613359749317
   440   8.866141319274902 0 0 0.014890979044139385
   450   8.972128868103027 0 0 0.014876903034746647
Total Training Time: 10.67779164565934 hours 
