l_NEW: 0.0, l_JD : 0.0, l_FMD: 0.0, l_MSE: 1.0,step: 15, d_penalty: 0.0, L: 2, z_dim: 1-4, bs: 64
| EPOCH |      PLF-JD     |      PLF-FMD    |      PLF-NEW    |      MSE        |
   1   8.98897933959961 9.28009033203125 8.830100059509277 0.01702229306101799
   10   8.923203468322754 8.761786460876465 8.366933822631836 0.014202211983501911
   20   7.898880958557129 8.053505897521973 7.516542911529541 0.013092843815684319
   30   6.993337154388428 7.292543888092041 6.842305660247803 0.012390908785164356
   40   6.932592868804932 6.756279945373535 6.718296527862549 0.011868545785546303
   50   6.514038562774658 6.745229244232178 6.673532962799072 0.011427541263401508
   60   6.35483455657959 6.550730228424072 6.508583068847656 0.011099223978817463
   70   5.984601974487305 5.859847545623779 5.786289215087891 0.010887511074543
   80   5.909093856811523 5.641995429992676 5.643326759338379 0.010584273375570774
   90   5.844236850738525 5.734730243682861 5.708621978759766 0.01049920916557312
   100   5.670501232147217 5.62172269821167 5.564167499542236 0.010274023748934269
Total Training Time: 13.605775702926847 hours 
