l_NEW: 0.0, l_JD : 0.08, l_FMD: 0.0, l_MSE: 1.0, d_penalty: 0.0, L: 2, z_dim: 2, bs: 64
| EPOCH |      PLF-JD     |      PLF-FMD    |      PLF-NEW    |      MSE        |
   1   2.566608428955078 0 0 0.023250235244631767
   10   1.8159056901931763 0 0 0.025006797164678574
   20   1.7335069179534912 0 0 0.025270972400903702
   30   1.6437690258026123 0 0 0.025235196575522423
   40   1.42030930519104 0 0 0.025669025257229805
   50   1.4389322996139526 0 0 0.02552195079624653
   60   1.4585442543029785 0 0 0.025387901812791824
   70   1.401750087738037 0 0 0.02494829334318638
Total Training Time: 3.4503716846969392 hours 
l_NEW: 0.0, l_JD : 0.08, l_FMD: 0.0, l_MSE: 1.0, d_penalty: 0.0, L: 2, z_dim: 2, bs: 64
| EPOCH |      PLF-JD     |      PLF-FMD    |      PLF-NEW    |      MSE        |
   1   1.3897457122802734 0 0 0.025648167356848717
   10   1.3520268201828003 0 0 0.0258067287504673
   20   1.3632264137268066 0 0 0.02584904059767723
   30   1.3701454401016235 0 0 0.025810247287154198
   40   1.3197386264801025 0 0 0.02576981857419014
   50   1.3306572437286377 0 0 0.025622138753533363
   60   1.3108201026916504 0 0 0.026204144582152367
   70   1.2521800994873047 0 0 0.02620307356119156
Total Training Time: 3.5199310978253684 hours 
l_NEW: 0.0, l_JD : 0.08, l_FMD: 0.0, l_MSE: 1.0, d_penalty: 0.0, L: 2, z_dim: 2, bs: 64
| EPOCH |      PLF-JD     |      PLF-FMD    |      PLF-NEW    |      MSE        |
   1   1.2526040077209473 0 0 0.026193972676992416
   10   1.2434909343719482 0 0 0.02597309835255146
   20   1.263625979423523 0 0 0.026229454204440117
   30   1.2502021789550781 0 0 0.026092633605003357
   40   1.2010301351547241 0 0 0.025981297716498375
   50   1.151348352432251 0 0 0.02588846907019615
   60   1.1865334510803223 0 0 0.02622441202402115
   70   1.1881071329116821 0 0 0.02593700774013996
Total Training Time: 3.5076165678103766 hours 
l_NEW: 0.0, l_JD : 0.08, l_FMD: 0.0, l_MSE: 1.0, d_penalty: 0.0, L: 2, z_dim: 2, bs: 64
| EPOCH |      PLF-JD     |      PLF-FMD    |      PLF-NEW    |      MSE        |
   1   1.2360281944274902 0 0 0.026268910616636276
   10   1.205374002456665 0 0 0.02603847160935402
   20   1.2177937030792236 0 0 0.02567715011537075
   30   1.1307300329208374 0 0 0.02608812414109707
   40   1.1528066396713257 0 0 0.02604782208800316
   50   1.1828246116638184 0 0 0.0256340354681015
   60   1.1683709621429443 0 0 0.026131676509976387
   70   1.143430233001709 0 0 0.026350582018494606
   80   1.1505123376846313 0 0 0.02590106427669525
Total Training Time: 3.9251329496834013 hours 
l_NEW: 0.0, l_JD : 0.08, l_FMD: 0.0, l_MSE: 1.0, d_penalty: 0.0, L: 2, z_dim: 2, bs: 64
| EPOCH |      PLF-JD     |      PLF-FMD    |      PLF-NEW    |      MSE        |
   1   1.14403235912323 0 0 0.02592083252966404
   10   1.1637942790985107 0 0 0.025728739798069
Total Training Time: 0.5273371007707384 hours 
