l_NEW: 0.0, l_JD : 0.001, l_FMD: 0.0, l_MSE: 1.0, d_penalty: 0.0,step:15, L: 2, z_dim: 1, bs: 64, bit_rate: 2, s_b: False
| EPOCH |      PLF-JD     |      PLF-FMD    |      PLF-NEW    |      MSE        |
   1   7.8004889488220215 0 0 0.0157669335603714
   10   7.571319580078125 0 0 0.01577192358672619
   20   7.73455810546875 0 0 0.015942808240652084
   30   7.129158020019531 0 0 0.01595303975045681
   40   7.356168270111084 0 0 0.01597013883292675
   50   7.345117092132568 0 0 0.015930872410535812
   60   7.163968563079834 0 0 0.015968943014740944
   70   7.299736022949219 0 0 0.015992645174264908
   80   7.24343204498291 0 0 0.015944089740514755
   90   7.260069847106934 0 0 0.015893111005425453
   100   7.072963237762451 0 0 0.015973186120390892
   110   7.2039923667907715 0 0 0.015958966687321663
   120   6.967691421508789 0 0 0.015972737222909927
   130   7.212791919708252 0 0 0.015904879197478294
   140   7.359141826629639 0 0 0.015812521800398827
   150   6.876786708831787 0 0 0.015897350385785103
Total Training Time: 6.538056606981489 hours 
l_NEW: 0.0, l_JD : 0.001, l_FMD: 0.0, l_MSE: 1.0, d_penalty: 0.0,step:15, L: 2, z_dim: 1, bs: 64, bit_rate: 2, s_b: False
| EPOCH |      PLF-JD     |      PLF-FMD    |      PLF-NEW    |      MSE        |
   1   7.216747283935547 0 0 0.015886662527918816
   10   7.00901460647583 0 0 0.01597876474261284
   20   7.122500419616699 0 0 0.015951000154018402
   30   6.826030254364014 0 0 0.0159214548766613
   40   7.120853900909424 0 0 0.015859466046094894
   50   6.936883449554443 0 0 0.015863774344325066
   60   7.050880432128906 0 0 0.015857413411140442
   70   6.955887794494629 0 0 0.015948208048939705
   80   6.9696125984191895 0 0 0.015975559130311012
   90   7.194997787475586 0 0 0.015888789668679237
   100   6.920952320098877 0 0 0.015948539599776268
   110   7.211248397827148 0 0 0.015924224629998207
   120   7.087469577789307 0 0 0.01586912013590336
   130   6.920148849487305 0 0 0.015908492729067802
   140   6.93397331237793 0 0 0.015936626121401787
   150   6.935691833496094 0 0 0.015875529497861862
Total Training Time: 6.674962723056475 hours 
l_NEW: 0.0, l_JD : 0.001, l_FMD: 0.0, l_MSE: 1.0, d_penalty: 0.0,step:15, L: 2, z_dim: 1, bs: 64, bit_rate: 2, s_b: False
| EPOCH |      PLF-JD     |      PLF-FMD    |      PLF-NEW    |      MSE        |
   1   7.07755708694458 0 0 0.015941070392727852
   10   6.834853649139404 0 0 0.015898607671260834
   20   6.807818412780762 0 0 0.016044041141867638
   30   7.008097171783447 0 0 0.01594264805316925
   40   7.156910419464111 0 0 0.015921341255307198
   50   6.871816158294678 0 0 0.015931211411952972
   60   6.993460655212402 0 0 0.01596239022910595
   70   7.039949417114258 0 0 0.015857890248298645
   80   7.046728134155273 0 0 0.015960119664669037
   90   6.886845588684082 0 0 0.01590437814593315
   100   6.961794376373291 0 0 0.015929216518998146
   110   6.840383529663086 0 0 0.015978125855326653
   120   6.845365524291992 0 0 0.01588399149477482
   130   6.854799747467041 0 0 0.015880445018410683
   140   6.835132598876953 0 0 0.015985460951924324
   150   6.916314125061035 0 0 0.015817731618881226
Total Training Time: 6.728720994525486 hours 
