l_NEW: 0.0, l_JD : 0.0, l_FMD: 0.01, l_MSE: 1.0, d_penalty: 0.0, L: 2, z_dim: 2, bs: 64
| EPOCH |      PLF-JD     |      PLF-FMD    |      PLF-NEW    |      MSE        |
   1   0 2.293998956680298 0 0.020071284845471382
   10   0 1.3368289470672607 0 0.02199782431125641
   20   0 1.296673059463501 0 0.021546250209212303
   30   0 1.193415641784668 0 0.021993158385157585
   40   0 1.139783263206482 0 0.02199537679553032
   50   0 1.1227134466171265 0 0.021659191697835922
   60   0 1.0838274955749512 0 0.021761836484074593
   70   0 1.0111876726150513 0 0.021981190890073776
   80   0 0.9754345417022705 0 0.02199523150920868
   90   0 0.9071037769317627 0 0.021645158529281616
   100   0 0.9285117983818054 0 0.021923260763287544
   110   0 0.9392300248146057 0 0.021746573969721794
   120   0 0.8654782772064209 0 0.02218721993267536
   130   0 0.8963045477867126 0 0.02186635695397854
   140   0 0.9295963644981384 0 0.021921657025814056
   150   0 0.8583192229270935 0 0.02200247533619404
   160   0 0.8944975137710571 0 0.02220163494348526
   170   0 0.8651539087295532 0 0.021956415846943855
   180   0 0.7928071618080139 0 0.02222399413585663
   190   0 0.8405033946037292 0 0.02187333256006241
   200   0 0.8671519160270691 0 0.021692143753170967
   210   0 0.8227981328964233 0 0.021806584671139717
   220   0 0.7990323901176453 0 0.02205650508403778
Total Training Time: 10.843399728404151 hours 
l_NEW: 0.0, l_JD : 0.0, l_FMD: 0.01, l_MSE: 1.0, d_penalty: 0.0, L: 2, z_dim: 2, bs: 64
| EPOCH |      PLF-JD     |      PLF-FMD    |      PLF-NEW    |      MSE        |
   1   0 0.8154799342155457 0 0.021835017949342728
   10   0 0.7676252722740173 0 0.022164061665534973
   20   0 0.7865347862243652 0 0.021938344463706017
   30   0 0.7918104529380798 0 0.02180326171219349
   40   0 0.7993061542510986 0 0.021770300343632698
   50   0 0.777846097946167 0 0.02190231904387474
   60   0 0.7783895134925842 0 0.021782951429486275
   70   0 0.7081745862960815 0 0.022115137428045273
   80   0 0.7286709547042847 0 0.0219897273927927
Total Training Time: 3.7756790953212316 hours 
