l_NEW: 0.0, l_JD : 0.0, l_FMD: 0.08, l_MSE: 1.0, d_penalty: 0.0, L: 2, z_dim: 8, bs: 64
| EPOCH |      PLF-JD     |      PLF-FMD    |      PLF-NEW    |      MSE        |
   1   0 1.3528802394866943 0 0.016531825065612793
   10   0 1.1305826902389526 0 0.016221314668655396
   20   0 1.1263766288757324 0 0.016100086271762848
   30   0 1.0842465162277222 0 0.015524832531809807
   40   0 1.056601643562317 0 0.015849361196160316
   50   0 1.0211795568466187 0 0.015458011999726295
   60   0 0.9627439975738525 0 0.015521181747317314
   70   0 0.9724713563919067 0 0.015790000557899475
   80   0 0.9493711590766907 0 0.015841025859117508
   90   0 0.9125338792800903 0 0.015962164849042892
   100   0 0.913969874382019 0 0.01584191992878914
   110   0 0.9146044850349426 0 0.015780240297317505
   120   0 0.9014074802398682 0 0.016004007309675217
   130   0 0.861163318157196 0 0.015987945720553398
   140   0 0.8419130444526672 0 0.01602291315793991
   150   0 0.8522319197654724 0 0.016109349206089973
   160   0 0.7672265768051147 0 0.016078589484095573
   170   0 0.8512025475502014 0 0.016035454347729683
   180   0 0.8039623498916626 0 0.016045408323407173
   190   0 0.794305682182312 0 0.016247563064098358
   200   0 0.7953766584396362 0 0.01592830941081047
   210   0 0.7272551655769348 0 0.01614632084965706
   220   0 0.7483223676681519 0 0.01602150686085224
   230   0 0.7355052828788757 0 0.01580941490828991
   240   0 0.7783659100532532 0 0.01574539951980114
l_NEW: 0.0, l_JD : 0.0, l_FMD: 0.08, l_MSE: 1.0, d_penalty: 0.0, L: 2, z_dim: 8, bs: 64
| EPOCH |      PLF-JD     |      PLF-FMD    |      PLF-NEW    |      MSE        |
