l_NEW: 0.0, l_JD : 0.0001, l_FMD: 0.0, l_MSE: 1.0, d_penalty: 0.0,step:[24, 6], L: 2, z_dim: 1, bs: 64, bit_rate: 2, s_b: False
| EPOCH |      PLF-JD     |      PLF-FMD    |      PLF-NEW    |      MSE        |
   1   0.35496005415916443 0 0 0.0009219077765010297
   10   0.5585861802101135 0 0 0.0008597257547080517
   20   0.6055243611335754 0 0 0.0008985623717308044
   30   0.6416083574295044 0 0 0.0008973614894784987
   40   0.6799353361129761 0 0 0.0009055970585905015
   50   0.6903307437896729 0 0 0.0008557518012821674
   60   0.6822687387466431 0 0 0.0008797973860055208
   70   0.6774308681488037 0 0 0.0008707313681952655
   80   0.6950014233589172 0 0 0.0008822513045743108
   90   0.6961711645126343 0 0 0.0009105837089009583
   100   0.7004719972610474 0 0 0.0007833483978174627
   110   0.7305410504341125 0 0 0.0008049482712522149
   120   0.7373629808425903 0 0 0.0009949930245056748
   130   0.7027353644371033 0 0 0.0008103817817755044
   140   0.697171151638031 0 0 0.0009127343655563891
   150   0.7196712493896484 0 0 0.0007943926029838622
   160   0.716200053691864 0 0 0.0007351365056820214
   170   0.6980124711990356 0 0 0.00078061647946015
   180   0.7394477128982544 0 0 0.0007558032521046698
   190   0.6999569535255432 0 0 0.0007307874038815498
   200   0.6979295015335083 0 0 0.0007545686094090343
   210   0.6864635944366455 0 0 0.0007245116867125034
   220   0.7096334099769592 0 0 0.0007391098188236356
   230   0.7064924240112305 0 0 0.0007010662229731679
   240   0.6923187375068665 0 0 0.0007229510811157525
   250   0.7043647766113281 0 0 0.0007087881676852703
   260   0.6894395351409912 0 0 0.0006956062279641628
   270   0.6833256483078003 0 0 0.000743466429412365
   280   0.6864913105964661 0 0 0.0006828467594459653
   290   0.6892333030700684 0 0 0.0007377087022177875
   300   0.682872474193573 0 0 0.0007100871298462152
Total Training Time: 7.245217625896136 hours 
