l_NEW: 0.0, l_JD : 0.06, l_FMD: 0.0, l_MSE: 1.0, d_penalty: 0.0,step:[11, 5], L: 2, z_dim: 1, bs: 64, bit_rate: 2, s_b: False, dataset:mmnist_unidir_4_axis_random
| EPOCH |      PLF-JD     |      PLF-FMD    |      PLF-NEW    |      MSE        |
   1   3.6211860179901123 0 0 0.029519280418753624
   10   3.4627580642700195 0 0 0.03231880068778992
   20   3.0569517612457275 0 0 0.03324403986334801
   30   3.130746603012085 0 0 0.03417346626520157
   40   3.2201786041259766 0 0 0.03406377509236336
   50   3.3366847038269043 0 0 0.03306065499782562
   60   3.627805233001709 0 0 0.033262189477682114
   70   3.8799338340759277 0 0 0.032002538442611694
   80   3.8984761238098145 0 0 0.032909005880355835
   90   3.934412956237793 0 0 0.03289817273616791
   100   4.1925368309021 0 0 0.03307197242975235
   110   4.082079887390137 0 0 0.03249654546380043
   120   4.100909233093262 0 0 0.03278692439198494
   130   4.039575099945068 0 0 0.03230009227991104
   140   4.088026523590088 0 0 0.032198578119277954
   150   3.941389560699463 0 0 0.03232010826468468
   160   3.921243906021118 0 0 0.03284238278865814
   170   3.964198112487793 0 0 0.03293280303478241
   180   3.8504574298858643 0 0 0.032540563493967056
   190   3.8504955768585205 0 0 0.03214775398373604
   200   3.687345266342163 0 0 0.0318739227950573
   210   3.801244020462036 0 0 0.03251049667596817
   220   3.7195963859558105 0 0 0.03284485638141632
   230   3.6235015392303467 0 0 0.03312905505299568
   240   3.628819704055786 0 0 0.03295058012008667
   250   3.442897319793701 0 0 0.03313300386071205
   260   3.5154802799224854 0 0 0.033032555133104324
   270   3.4670982360839844 0 0 0.03364278003573418
   280   3.354508876800537 0 0 0.033731989562511444
   290   3.375653028488159 0 0 0.033185552805662155
   300   3.332270383834839 0 0 0.032775167375802994
   310   3.201242446899414 0 0 0.03352852910757065
   320   3.3202879428863525 0 0 0.03338712453842163
   330   3.2543087005615234 0 0 0.033581748604774475
   340   3.2143454551696777 0 0 0.033543866127729416
   350   3.1849653720855713 0 0 0.03356108069419861
   360   3.2605671882629395 0 0 0.033768899738788605
   370   3.109174966812134 0 0 0.0351550467312336
   380   3.1754441261291504 0 0 0.03412685543298721
   390   3.1154019832611084 0 0 0.03460885211825371
   400   3.0002799034118652 0 0 0.03432988002896309
   410   2.930656909942627 0 0 0.03421572595834732
   420   2.996096611022949 0 0 0.03447103872895241
   430   2.911130666732788 0 0 0.034865107387304306
   440   2.927126407623291 0 0 0.034764908254146576
   450   2.8688366413116455 0 0 0.03536897897720337
   460   2.8317835330963135 0 0 0.035255640745162964
   470   2.9517853260040283 0 0 0.03560371324419975
   480   2.956902265548706 0 0 0.03585866466164589
   490   2.890319585800171 0 0 0.03553985059261322
   500   2.8624868392944336 0 0 0.03482389450073242
Total Training Time: 11.931516286863221 hours 
l_NEW: 0.0, l_JD : 0.06, l_FMD: 0.0, l_MSE: 1.0, d_penalty: 0.0,step:[11, 5], L: 2, z_dim: 1, bs: 64, bit_rate: 2, s_b: False, dataset:mmnist_unidir_4_axis_random
| EPOCH |      PLF-JD     |      PLF-FMD    |      PLF-NEW    |      MSE        |
   1   2.9347798824310303 0 0 0.03489447757601738
   10   2.755675792694092 0 0 0.035543713718652725
   20   2.869344472885132 0 0 0.03524086996912956
   30   2.7971689701080322 0 0 0.03532498702406883
   40   2.8440418243408203 0 0 0.0354035347700119
   50   2.712697982788086 0 0 0.03604051098227501
   60   2.803199291229248 0 0 0.036042045801877975
   70   2.7523019313812256 0 0 0.03606715425848961
   80   2.743408441543579 0 0 0.03565508499741554
   90   2.666341781616211 0 0 0.03554069250822067
   100   2.6648616790771484 0 0 0.035547517240047455
   110   2.6469218730926514 0 0 0.03576534241437912
   120   2.678311347961426 0 0 0.03609120845794678
   130   2.6186888217926025 0 0 0.03605447709560394
   140   2.591688394546509 0 0 0.036558039486408234
   150   2.5261480808258057 0 0 0.035554151982069016
   160   2.4829213619232178 0 0 0.0362066887319088
   170   2.563232421875 0 0 0.03588351234793663
   180   2.467576026916504 0 0 0.036656979471445084
   190   2.494859457015991 0 0 0.03643057495355606
   200   2.5661725997924805 0 0 0.03644363209605217
   210   2.5017201900482178 0 0 0.03648004308342934
   220   2.4835407733917236 0 0 0.03694526478648186
   230   2.4943952560424805 0 0 0.036963023245334625
   240   2.5558359622955322 0 0 0.03723505884408951
   250   2.5144405364990234 0 0 0.03693162277340889
   260   2.455390214920044 0 0 0.037110455334186554
   270   2.509127378463745 0 0 0.036637309938669205
   280   2.4782891273498535 0 0 0.03660960868000984
   290   2.417219638824463 0 0 0.03661147877573967
   300   2.4563028812408447 0 0 0.03617241606116295
   310   2.4231486320495605 0 0 0.03667379915714264
   320   2.3501241207122803 0 0 0.03683396801352501
   330   2.260742664337158 0 0 0.03676188364624977
   340   2.3046138286590576 0 0 0.03610791265964508
   350   2.324552536010742 0 0 0.03621238097548485
   360   2.2926394939422607 0 0 0.036180280148983
   370   2.3383281230926514 0 0 0.036573223769664764
   380   2.3016602993011475 0 0 0.03667454048991203
   390   2.368502378463745 0 0 0.036815762519836426
   400   2.3724303245544434 0 0 0.036509692668914795
   410   2.328125 0 0 0.03652609512209892
   420   2.308340311050415 0 0 0.036966122686862946
   430   2.268221616744995 0 0 0.03714752942323685
   440   2.2488455772399902 0 0 0.037450168281793594
   450   2.2688636779785156 0 0 0.03732532635331154
   460   2.2762343883514404 0 0 0.03711115941405296
   470   2.2320709228515625 0 0 0.0371914766728878
   480   2.2829391956329346 0 0 0.03699222207069397
   490   2.2857139110565186 0 0 0.037302132695913315
l_NEW: 0.0, l_JD : 0.06, l_FMD: 0.0, l_MSE: 1.0, d_penalty: 0.0,step:[11, 5], L: 2, z_dim: 1, bs: 64, bit_rate: 2, s_b: False, dataset:mmnist_unidir_4_axis_random
| EPOCH |      PLF-JD     |      PLF-FMD    |      PLF-NEW    |      MSE        |
   1   2.4254071712493896 0 0 0.037564560770988464
   10   2.2525486946105957 0 0 0.03732055053114891
   20   2.2442946434020996 0 0 0.03714553266763687
   30   2.2212724685668945 0 0 0.037162505090236664
   40   2.1877834796905518 0 0 0.036986228078603745
   50   2.1740124225616455 0 0 0.037072621285915375
   60   2.145151138305664 0 0 0.0376313179731369
   70   2.148430109024048 0 0 0.03755590319633484
   80   2.1342880725860596 0 0 0.03727618604898453
   90   2.163085699081421 0 0 0.03739533573389053
   100   2.1670796871185303 0 0 0.03714180365204811
   110   2.186843156814575 0 0 0.037438806146383286
   120   2.116790771484375 0 0 0.03770112991333008
   130   2.1832387447357178 0 0 0.03777081146836281
   140   2.1379001140594482 0 0 0.03730064630508423
   150   2.1012282371520996 0 0 0.03796045482158661
   160   2.2010114192962646 0 0 0.03727671131491661
   170   2.1095032691955566 0 0 0.0375378355383873
   180   2.1209568977355957 0 0 0.03737081587314606
   190   2.130502939224243 0 0 0.03789251297712326
   200   2.077226161956787 0 0 0.03781403228640556
   210   2.160318374633789 0 0 0.03749663382768631
   220   2.1116952896118164 0 0 0.03784092143177986
   230   2.1903934478759766 0 0 0.03785590082406998
   240   2.1171584129333496 0 0 0.038124989718198776
   250   2.054171323776245 0 0 0.037510957568883896
   260   2.0559067726135254 0 0 0.03739163279533386
   270   2.043274402618408 0 0 0.037948258221149445
   280   2.0754454135894775 0 0 0.037650443613529205
   290   2.02872371673584 0 0 0.03775826841592789
   300   2.01483416557312 0 0 0.03800896182656288
   310   1.9497950077056885 0 0 0.037628646939992905
   320   2.0252130031585693 0 0 0.03777119517326355
   330   2.0719776153564453 0 0 0.03802846372127533
   340   1.9922144412994385 0 0 0.03755250945687294
   350   2.0727031230926514 0 0 0.03759297356009483
   360   2.1085193157196045 0 0 0.03699536994099617
   370   1.9860669374465942 0 0 0.03744423761963844
   380   2.0624821186065674 0 0 0.037450678646564484
   390   1.98332941532135 0 0 0.0377839021384716
   400   1.9879533052444458 0 0 0.03719736263155937
   410   1.9807801246643066 0 0 0.03788013756275177
   420   2.0015311241149902 0 0 0.0373452827334404
   430   1.9723422527313232 0 0 0.03787306323647499
   440   2.025824785232544 0 0 0.037582799792289734
   450   1.946868896484375 0 0 0.03779449686408043
   460   1.9379812479019165 0 0 0.03786482289433479
   470   1.9492932558059692 0 0 0.03843487799167633
   480   1.9706599712371826 0 0 0.03823702409863472
   490   1.9331547021865845 0 0 0.037835121154785156
l_NEW: 0.0, l_JD : 0.06, l_FMD: 0.0, l_MSE: 1.0, d_penalty: 0.0,step:[11, 5], L: 2, z_dim: 1, bs: 64, bit_rate: 2, s_b: False, dataset:mmnist_unidir_4_axis_random
| EPOCH |      PLF-JD     |      PLF-FMD    |      PLF-NEW    |      MSE        |
   1   1.955155849456787 0 0 0.037886843085289
   10   1.9228883981704712 0 0 0.03815324977040291
   20   1.9822876453399658 0 0 0.0382390059530735
   30   1.8817330598831177 0 0 0.03765128552913666
   40   1.982105016708374 0 0 0.03836941346526146
   50   1.8577461242675781 0 0 0.03795774281024933
   60   1.9677175283432007 0 0 0.038067568093538284
   70   1.9391213655471802 0 0 0.03793814778327942
   80   1.9330379962921143 0 0 0.03768262267112732
   90   1.9895272254943848 0 0 0.0379570797085762
   100   2.136471748352051 0 0 0.03768957406282425
   110   1.9835317134857178 0 0 0.03787294030189514
   120   1.8754217624664307 0 0 0.03812139108777046
   130   1.9099664688110352 0 0 0.03850876912474632
   140   1.9683765172958374 0 0 0.0382414236664772
   150   1.950851559638977 0 0 0.03802536800503731
   160   1.9577449560165405 0 0 0.037785276770591736
