l_NEW: 0.0, l_JD : 0.01, l_FMD: 0.0, l_MSE: 1.0, d_penalty: 0.0, L: 2, z_dim: 1, bs: 64, bit_rate: 2, s_b: False
| EPOCH |      PLF-JD     |      PLF-FMD    |      PLF-NEW    |      MSE        |
l_NEW: 0.0, l_JD : 0.01, l_FMD: 0.0, l_MSE: 1.0, d_penalty: 0.0, L: 2, z_dim: 1, bs: 64, bit_rate: 2, s_b: False
| EPOCH |      PLF-JD     |      PLF-FMD    |      PLF-NEW    |      MSE        |
l_NEW: 0.0, l_JD : 0.01, l_FMD: 0.0, l_MSE: 1.0, d_penalty: 0.0, L: 2, z_dim: 1, bs: 64, bit_rate: 2, s_b: False
| EPOCH |      PLF-JD     |      PLF-FMD    |      PLF-NEW    |      MSE        |
   1   0 0 0 0.009506919421255589
l_NEW: 0.0, l_JD : 0.01, l_FMD: 0.0, l_MSE: 1.0, d_penalty: 0.0, L: 2, z_dim: 1, bs: 64, bit_rate: 2, s_b: False
| EPOCH |      PLF-JD     |      PLF-FMD    |      PLF-NEW    |      MSE        |
   1   1.7798397541046143 0 0 0.014654375612735748
   10   1.4054800271987915 0 0 0.015053697861731052
   20   1.2129652500152588 0 0 0.015352211892604828
   30   1.1040377616882324 0 0 0.016224361956119537
   40   1.1424813270568848 0 0 0.01639007031917572
   50   1.1392862796783447 0 0 0.015943096950650215
   60   1.1618859767913818 0 0 0.01622815988957882
   70   1.1602150201797485 0 0 0.016113629564642906
   80   1.1259745359420776 0 0 0.01636972464621067
   90   1.0743361711502075 0 0 0.016321733593940735
   100   1.111465334892273 0 0 0.016855468973517418
   110   1.065384864807129 0 0 0.016288377344608307
   120   1.0916624069213867 0 0 0.01672935113310814
   130   1.0540297031402588 0 0 0.017506208270788193
   140   1.0186831951141357 0 0 0.017480330541729927
   150   1.071008563041687 0 0 0.01725689508020878
   160   1.0148576498031616 0 0 0.017606988549232483
   170   0.9856116771697998 0 0 0.016952630132436752
   180   1.0595461130142212 0 0 0.018097955733537674
   190   1.0023611783981323 0 0 0.01690600998699665
   200   1.032002329826355 0 0 0.01810046099126339
   210   1.0317955017089844 0 0 0.020064815878868103
   220   0.9798722267150879 0 0 0.018269650638103485
   230   1.0043634176254272 0 0 0.018978850916028023
   240   1.0250574350357056 0 0 0.019489480182528496
   250   0.961276650428772 0 0 0.019222691655158997
   260   0.9610040783882141 0 0 0.019168462604284286
   270   0.9325520992279053 0 0 0.01843646727502346
   280   1.0135197639465332 0 0 0.017795631662011147
   290   0.9780519008636475 0 0 0.01861734874546528
   300   0.9495596885681152 0 0 0.018538925796747208
Total Training Time: 13.384024371504784 hours 
