l_NEW: 0.0, l_JD : 0.02, l_FMD: 0.0, l_MSE: 1.0, d_penalty: 0.0, L: 2, z_dim: 1, bs: 64, bit_rate: 2, s_b: False
| EPOCH |      PLF-JD     |      PLF-FMD    |      PLF-NEW    |      MSE        |
   1   1.7217427492141724 0 0 0.016594158485531807
   10   1.3785029649734497 0 0 0.016296496614813805
   20   1.173596978187561 0 0 0.01697789877653122
   30   1.0871047973632812 0 0 0.017279429361224174
   40   1.1223032474517822 0 0 0.018905360251665115
   50   1.0628024339675903 0 0 0.019717559218406677
   60   1.0351662635803223 0 0 0.018396956846117973
   70   1.0007332563400269 0 0 0.01742488145828247
   80   0.9624529480934143 0 0 0.01851963996887207
   90   0.9840924739837646 0 0 0.017860647290945053
   100   0.9689173698425293 0 0 0.018163230270147324
   110   0.941626787185669 0 0 0.018946785479784012
   120   0.9794381260871887 0 0 0.018880337476730347
   130   0.9942858219146729 0 0 0.020619314163923264
   140   0.950068473815918 0 0 0.019862782210111618
   150   0.9519665837287903 0 0 0.0194189865142107
   160   0.9012995362281799 0 0 0.020285185426473618
   170   0.8871639966964722 0 0 0.019505979493260384
   180   0.9012749791145325 0 0 0.020074917003512383
   190   0.9211068153381348 0 0 0.019826140254735947
   200   0.9414205551147461 0 0 0.02058691531419754
   210   0.8649941682815552 0 0 0.02031601034104824
   220   0.8938360810279846 0 0 0.020629193633794785
   230   0.8423550128936768 0 0 0.020967530086636543
   240   0.9157675504684448 0 0 0.020548172295093536
   250   0.8640143275260925 0 0 0.02066737785935402
   260   0.8640894889831543 0 0 0.020688116550445557
   270   0.8779571652412415 0 0 0.020822498947381973
   280   0.889410674571991 0 0 0.021168043836951256
   290   0.8306728601455688 0 0 0.02101115696132183
   300   0.8742006421089172 0 0 0.02131609059870243
Total Training Time: 13.125820129844877 hours 
