l_NEW: 0.01, l_JD : 0.0, l_FMD: 0.0, l_MSE: 1.0, d_penalty: 0.0, L: 2, z_dim: 2, bs: 64
| EPOCH |      PLF-JD     |      PLF-FMD    |      PLF-NEW    |      MSE        |
   1   0 0 2.541886329650879 0.019740646705031395
   10   0 0 1.4790400266647339 0.021894074976444244
   20   0 0 1.4599320888519287 0.022544151172041893
   30   0 0 1.4597744941711426 0.02170930989086628
   40   0 0 1.4239286184310913 0.021859491243958473
   50   0 0 1.3936738967895508 0.02212371677160263
   60   0 0 1.444718360900879 0.02200380340218544
   70   0 0 1.39595627784729 0.021634668111801147
Total Training Time: 3.5017903103431065 hours 
l_NEW: 0.01, l_JD : 0.0, l_FMD: 0.0, l_MSE: 1.0, d_penalty: 0.0, L: 2, z_dim: 2, bs: 64
| EPOCH |      PLF-JD     |      PLF-FMD    |      PLF-NEW    |      MSE        |
   1   0 0 1.406606912612915 0.02191055566072464
   10   0 0 1.3811314105987549 0.02181111089885235
   20   0 0 1.3895741701126099 0.021830454468727112
   30   0 0 1.3024308681488037 0.02205386571586132
   40   0 0 1.3222895860671997 0.02227972075343132
   50   0 0 1.2913808822631836 0.021951913833618164
   60   0 0 1.2569612264633179 0.022104380652308464
   70   0 0 1.2799524068832397 0.02197219990193844
Total Training Time: 3.4602597184313666 hours 
l_NEW: 0.01, l_JD : 0.0, l_FMD: 0.0, l_MSE: 1.0, d_penalty: 0.0, L: 2, z_dim: 2, bs: 64
| EPOCH |      PLF-JD     |      PLF-FMD    |      PLF-NEW    |      MSE        |
   1   0 0 1.3079107999801636 0.021832840517163277
   10   0 0 1.1977808475494385 0.02220681495964527
   20   0 0 1.2166622877120972 0.022273460403084755
   30   0 0 1.203316330909729 0.0222009364515543
   40   0 0 1.1550695896148682 0.022232092916965485
   50   0 0 1.2421091794967651 0.022024396806955338
   60   0 0 1.1460474729537964 0.022559193894267082
   70   0 0 1.2532397508621216 0.021965110674500465
Total Training Time: 3.463640782435735 hours 
l_NEW: 0.01, l_JD : 0.0, l_FMD: 0.0, l_MSE: 1.0, d_penalty: 0.0, L: 2, z_dim: 2, bs: 64
| EPOCH |      PLF-JD     |      PLF-FMD    |      PLF-NEW    |      MSE        |
   1   0 0 1.2130446434020996 0.022363049909472466
   10   0 0 1.1763525009155273 0.02241254411637783
   20   0 0 1.1739294528961182 0.022215940058231354
   30   0 0 1.1393717527389526 0.022293884307146072
   40   0 0 1.197144627571106 0.02215982973575592
   50   0 0 1.150907278060913 0.022679787129163742
   60   0 0 1.1545331478118896 0.022308101877570152
   70   0 0 1.1427571773529053 0.022430187091231346
   80   0 0 1.0173205137252808 0.0226991456001997
Total Training Time: 3.9673260446389516 hours 
l_NEW: 0.01, l_JD : 0.0, l_FMD: 0.0, l_MSE: 1.0, d_penalty: 0.0, L: 2, z_dim: 2, bs: 64
| EPOCH |      PLF-JD     |      PLF-FMD    |      PLF-NEW    |      MSE        |
   1   0 0 1.1806731224060059 0.022329915314912796
   10   0 0 0.9819394946098328 0.022649642080068588
Total Training Time: 0.5310399189260271 hours 
