l_NEW: 0.0, l_JD : 0.005, l_FMD: 0.0, l_MSE: 1.0, d_penalty: 0.0, L: 2, z_dim: 6, bs: 64
| EPOCH |      PLF-JD     |      PLF-FMD    |      PLF-NEW    |      MSE        |
   1   3.6236019134521484 0 0 0.013358067721128464
   10   2.6478586196899414 0 0 0.016238557174801826
   20   2.5988664627075195 0 0 0.01679345779120922
   30   2.469618797302246 0 0 0.017248235642910004
   40   2.349576234817505 0 0 0.017413780093193054
   50   2.2852060794830322 0 0 0.017854001373052597
   60   2.2341976165771484 0 0 0.018055738881230354
   70   2.179701805114746 0 0 0.01795080304145813
   80   2.1196606159210205 0 0 0.018115535378456116
   90   2.0562431812286377 0 0 0.018391789868474007
   100   2.0598292350769043 0 0 0.01818140037357807
   110   1.9903533458709717 0 0 0.01843971386551857
   120   1.892478585243225 0 0 0.01876329444348812
   130   1.981732964515686 0 0 0.018471265211701393
   140   1.9449361562728882 0 0 0.018516074866056442
   150   1.9186245203018188 0 0 0.018676981329917908
Total Training Time: 7.474478472272555 hours 
l_NEW: 0.0, l_JD : 0.005, l_FMD: 0.0, l_MSE: 1.0, d_penalty: 0.0, L: 2, z_dim: 6, bs: 64
| EPOCH |      PLF-JD     |      PLF-FMD    |      PLF-NEW    |      MSE        |
   1   1.8319867849349976 0 0 0.018841026350855827
   10   1.8937994241714478 0 0 0.018684659153223038
   20   1.8486459255218506 0 0 0.018709398806095123
   30   1.8283360004425049 0 0 0.018721479922533035
   40   1.7989050149917603 0 0 0.01889456994831562
   50   1.8338043689727783 0 0 0.018572043627500534
   60   1.8000400066375732 0 0 0.018778551369905472
   70   1.7339268922805786 0 0 0.018967341631650925
   80   1.768100380897522 0 0 0.018708430230617523
   90   1.8016709089279175 0 0 0.018637200817465782
   100   1.7468161582946777 0 0 0.01865934394299984
   110   1.7216174602508545 0 0 0.01870550401508808
   120   1.7555514574050903 0 0 0.01861175149679184
   130   1.6716612577438354 0 0 0.01884775422513485
   140   1.740126132965088 0 0 0.018754828721284866
   150   1.6767244338989258 0 0 0.0188274122774601
Total Training Time: 7.269142873287201 hours 
