l_NEW: 0.0, l_JD : 0.0, l_FMD: 0.0, l_MSE: 1.0, d_penalty: 0.0,step:20, L: 2, z_dim: 1, bs: 64, bit_rate: 2, s_b: False, dataset:mmnist_4_axis_random_sample_step
| EPOCH |      PLF-JD     |      PLF-FMD    |      PLF-NEW    |      MSE        |
   1   10.253385543823242 10.60902214050293 10.620309829711914 0.020925134420394897
   10   10.831023216247559 10.759796142578125 10.640481948852539 0.018655693158507347
   20   10.473190307617188 10.358388900756836 10.389413833618164 0.01822865940630436
   30   10.358807563781738 9.86263656616211 10.141668319702148 0.01795600727200508
   40   9.94467544555664 9.997653007507324 9.90576457977295 0.017758704721927643
   50   10.188432693481445 9.68720531463623 9.859013557434082 0.017466658726334572
   60   9.799690246582031 9.634791374206543 9.923172950744629 0.017479972913861275
   70   9.814003944396973 9.270365715026855 9.699409484863281 0.01736772432923317
   80   9.22474479675293 9.16214370727539 9.406647682189941 0.017275504767894745
   90   9.353675842285156 9.158488273620605 9.327383041381836 0.01723875105381012
   100   9.71109676361084 9.430998802185059 9.769848823547363 0.01727733388543129
Total Training Time: 7.372462486889627 hours 
