l_PN, l_P, l_MSE, d_penalty  0.0 0.0 1.0 0.0
| EPOCH | PLF-JD | PLF-FMD | PLF-NEW | MSE |
1 5.5671305656433105 1.169568657875061 1.4421136379241943 0.014798616990447044
10 5.50715970993042 1.0275630950927734 1.3322608470916748 0.015038898214697838
20 5.64603328704834 1.0542738437652588 1.3997787237167358 0.014865242876112461
30 5.584121227264404 1.0454990863800049 1.390885829925537 0.014845006167888641
40 5.631621837615967 1.0500049591064453 1.380237340927124 0.014948222786188126
50 5.602818012237549 1.0580968856811523 1.439879298210144 0.014929508790373802
60 5.719249725341797 1.0360909700393677 1.41493821144104 0.01479367446154356
70 5.739247798919678 1.0030457973480225 1.3932769298553467 0.014929051510989666
80 5.782293796539307 1.0342838764190674 1.4350486993789673 0.014886694960296154
Total Training Time: 7.110626039769914 hours 
l_PN, l_P, l_MSE, d_penalty  0.0 0.0 1.0 0.0
| EPOCH | PLF-JD | PLF-FMD | PLF-NEW | MSE |
1 5.816821575164795 1.0200130939483643 1.4439010620117188 0.01502625085413456
10 5.780025482177734 1.0393778085708618 1.4423627853393555 0.014874955639243126
20 5.786721229553223 1.0303080081939697 1.4896445274353027 0.014903463423252106
30 5.877835273742676 0.9579435586929321 1.4262216091156006 0.015142654068768024
40 5.842668533325195 0.9501211047172546 1.4173599481582642 0.014908311888575554
50 5.802343845367432 0.9337614178657532 1.361182451248169 0.014906174503266811
60 5.840819358825684 0.9462002515792847 1.423799753189087 0.014734183438122272
70 5.922672748565674 0.9352021217346191 1.403662919998169 0.01480955071747303
80 5.9980645179748535 0.9256441593170166 1.4319498538970947 0.014791474677622318
Total Training Time: 7.478328048123254 hours 
l_PN, l_P, l_MSE, d_penalty  0.0 0.0 1.0 0.0
| EPOCH | PLF-JD | PLF-FMD | PLF-NEW | MSE |
1 5.9679975509643555 0.9596500396728516 1.4245136976242065 0.01475349348038435
10 5.987351417541504 0.9299882054328918 1.3631142377853394 0.014903027564287186
20 5.9945969581604 0.9488697648048401 1.3894062042236328 0.014725944958627224
30 6.034635543823242 0.9104881882667542 1.4055434465408325 0.014908635057508945
40 5.966223239898682 0.881625771522522 1.4520695209503174 0.01506852824240923
50 6.0761260986328125 0.8920407891273499 1.3626123666763306 0.014857162721455097
60 5.996566295623779 0.8993796706199646 1.44929838180542 0.014789407141506672
70 5.8841729164123535 0.8804768919944763 1.4042649269104004 0.01477429736405611
80 5.951584815979004 0.8750118017196655 1.4731820821762085 0.01483269315212965
Total Training Time: 7.362767864002122 hours 
l_NEW: 0.0, l_JD : 0.0, l_FMD: 0.01, l_MSE: 1.0, d_penalty: 0.0, L: 2, z_dim: 6, bs: 64
| EPOCH |      PLF-JD     |      PLF-FMD    |      PLF-NEW    |      MSE        |
   1   0 1.6697014570236206 0 0.014357464388012886
l_NEW: 0.0, l_JD : 0.0, l_FMD: 0.01, l_MSE: 1.0, d_penalty: 0.0, L: 2, z_dim: 6, bs: 64
| EPOCH |      PLF-JD     |      PLF-FMD    |      PLF-NEW    |      MSE        |
   1   0 1.7115761041641235 0 0.014185651205480099
   10   0 1.3135899305343628 0 0.014851276762783527
   20   0 1.3032087087631226 0 0.01466402504593134
   30   0 1.2117736339569092 0 0.014914293773472309
   40   0 1.2411733865737915 0 0.014736908487975597
   50   0 1.2320194244384766 0 0.014715127646923065
   60   0 1.1827787160873413 0 0.014639399014413357
   70   0 1.1893532276153564 0 0.014760092832148075
   80   0 1.1141679286956787 0 0.014955691993236542
   90   0 1.1267300844192505 0 0.014901718124747276
   100   0 1.1071796417236328 0 0.014960388652980328
Total Training Time: 4.711630252665944 hours 
l_NEW: 0.0, l_JD : 0.0, l_FMD: 0.01, l_MSE: 1.0, d_penalty: 0.0, L: 2, z_dim: 6, bs: 64
| EPOCH |      PLF-JD     |      PLF-FMD    |      PLF-NEW    |      MSE        |
   1   0 1.1263601779937744 0 0.01491497177630663
   10   0 1.1035268306732178 0 0.014931919053196907
   20   0 1.083238959312439 0 0.01495357882231474
   30   0 1.0690152645111084 0 0.014913092367351055
   40   0 1.0412956476211548 0 0.014861608855426311
   50   0 1.0269802808761597 0 0.014904421754181385
   60   0 1.011209487915039 0 0.014921076595783234
   70   0 0.9340124726295471 0 0.014936186373233795
   80   0 0.9593314528465271 0 0.014912695623934269
   90   0 0.9581751823425293 0 0.014947165735065937
   100   0 0.9911749362945557 0 0.014838811941444874
   110   0 0.9476674795150757 0 0.014807225205004215
   120   0 0.9201949238777161 0 0.014912438578903675
   130   0 0.9477581977844238 0 0.014751548878848553
   140   0 0.9281965494155884 0 0.014841004274785519
   150   0 0.8928346633911133 0 0.014889119192957878
Total Training Time: 7.354816748433643 hours 
l_NEW: 0.0, l_JD : 0.0, l_FMD: 0.01, l_MSE: 1.0, d_penalty: 0.0, L: 2, z_dim: 6, bs: 64
| EPOCH |      PLF-JD     |      PLF-FMD    |      PLF-NEW    |      MSE        |
   1   0 0.9355364441871643 0 0.014894469641149044
   10   0 0.8866625428199768 0 0.015091498382389545
   20   0 0.9055558443069458 0 0.014876078814268112
   30   0 0.890402615070343 0 0.014789394102990627
   40   0 0.9058856964111328 0 0.014780164696276188
   50   0 0.886123776435852 0 0.014780529774725437
   60   0 0.9024466276168823 0 0.014707447029650211
   70   0 0.9051694869995117 0 0.014589296653866768
   80   0 0.8614034652709961 0 0.014951943419873714
   90   0 0.8271757960319519 0 0.014993241056799889
   100   0 0.8641722202301025 0 0.014746465720236301
   110   0 0.8616365790367126 0 0.014715990051627159
