l_NEW: 0.05, l_JD : 0.0, l_FMD: 0.0, l_MSE: 1.0,step: 15, d_penalty: 0.0, L: 2, z_dim: 1-4, bs: 64
| EPOCH |      PLF-JD     |      PLF-FMD    |      PLF-NEW    |      MSE        |
l_NEW: 0.05, l_JD : 0.0, l_FMD: 0.0, l_MSE: 1.0,step: 15, d_penalty: 0.0, L: 2, z_dim: 1-4, bs: 64
| EPOCH |      PLF-JD     |      PLF-FMD    |      PLF-NEW    |      MSE        |
   1   0 0 2.459850311279297 0.0206059031188488
   10   0 0 1.764953374862671 0.02091330476105213
   20   0 0 1.6481705904006958 0.02160326950252056
   30   0 0 1.653710961341858 0.02079973742365837
   40   0 0 1.7728406190872192 0.02093488723039627
   50   0 0 1.7740172147750854 0.02073219045996666
   60   0 0 1.7148525714874268 0.020374612882733345
   70   0 0 1.6335349082946777 0.020130367949604988
   80   0 0 1.647857666015625 0.02034391090273857
   90   0 0 1.6605066061019897 0.020380308851599693
   100   0 0 1.5790163278579712 0.02023484744131565
   110   0 0 1.568980097770691 0.020128700882196426
   120   0 0 1.5119272470474243 0.02003062516450882
   130   0 0 1.5426661968231201 0.02034778520464897
   140   0 0 1.4260388612747192 0.020026102662086487
   150   0 0 1.4685498476028442 0.020068975165486336
   160   0 0 1.4385215044021606 0.020065780729055405
   170   0 0 1.3918200731277466 0.020174473524093628
   180   0 0 1.39501953125 0.019769610837101936
   190   0 0 1.4084346294403076 0.019835028797388077
   200   0 0 1.3340879678726196 0.020048445090651512
   210   0 0 1.3101170063018799 0.019884459674358368
   220   0 0 1.307358741760254 0.02005971409380436
   230   0 0 1.2981077432632446 0.019767511636018753
   240   0 0 1.264129877090454 0.019932547584176064
   250   0 0 1.2683908939361572 0.019770443439483643
   260   0 0 1.2445298433303833 0.01977829821407795
   270   0 0 1.2317694425582886 0.019868414849042892
l_NEW: 0.05, l_JD : 0.0, l_FMD: 0.0, l_MSE: 1.0,step: 15, d_penalty: 0.0, L: 2, z_dim: 1-4, bs: 64
| EPOCH |      PLF-JD     |      PLF-FMD    |      PLF-NEW    |      MSE        |
   1   0 0 1.2431284189224243 0.019700977951288223
   10   0 0 1.2104398012161255 0.019685521721839905
   20   0 0 1.1875383853912354 0.019903583452105522
   30   0 0 1.1523264646530151 0.01964852213859558
   40   0 0 1.1773828268051147 0.019777322188019753
   50   0 0 1.163670539855957 0.019882382825016975
   60   0 0 1.1285605430603027 0.019771002233028412
   70   0 0 1.1159695386886597 0.02000845968723297
   80   0 0 1.0766651630401611 0.019723590463399887
   90   0 0 1.094374418258667 0.019858818501234055
   100   0 0 1.0755044221878052 0.019974106922745705
   110   0 0 1.0888720750808716 0.019891176372766495
   120   0 0 1.0500659942626953 0.01964641362428665
   130   0 0 1.0655800104141235 0.019899288192391396
   140   0 0 1.0387448072433472 0.01973266340792179
   150   0 0 1.0456596612930298 0.01970367133617401
   160   0 0 0.9945482015609741 0.019753504544496536
   170   0 0 1.001307487487793 0.01950937509536743
   180   0 0 1.0055195093154907 0.01970948837697506
Total Training Time: 10.434203037950727 hours 
