l_NEW: 0.025, l_JD : 0.0, l_FMD: 0.0, l_MSE: 1.0, d_penalty: 0.0, L: 2, z_dim: 8, bs: 64
| EPOCH |      PLF-JD     |      PLF-FMD    |      PLF-NEW    |      MSE        |
   1   0 0 2.0524513721466064 0.01436218898743391
   10   0 0 1.174601674079895 0.014922506175935268
   20   0 0 1.162621259689331 0.01516124326735735
   30   0 0 1.1016151905059814 0.015006235800683498
   40   0 0 1.0851508378982544 0.015344573184847832
   50   0 0 1.052644968032837 0.015298139303922653
   60   0 0 1.0777474641799927 0.015164497308433056
   70   0 0 1.0446078777313232 0.015218024142086506
   80   0 0 1.0364701747894287 0.014966359362006187
   90   0 0 0.9799032211303711 0.014909351244568825
   100   0 0 1.0097872018814087 0.015078535303473473
   110   0 0 0.9888172149658203 0.014889474958181381
   120   0 0 1.0055286884307861 0.015041746199131012
   130   0 0 0.9862453937530518 0.014800441451370716
   140   0 0 0.9310463666915894 0.014841069467365742
   150   0 0 0.942677915096283 0.014894693158566952
Total Training Time: 7.437193597356479 hours 
l_NEW: 0.025, l_JD : 0.0, l_FMD: 0.0, l_MSE: 1.0, d_penalty: 0.0, L: 2, z_dim: 8, bs: 64
| EPOCH |      PLF-JD     |      PLF-FMD    |      PLF-NEW    |      MSE        |
   1   0 0 0.9410771727561951 0.015101769007742405
   10   0 0 0.9466875791549683 0.014750550501048565
   20   0 0 0.9337264895439148 0.014901675283908844
   30   0 0 0.914294958114624 0.014828118495643139
   40   0 0 0.9109638333320618 0.015005085617303848
   50   0 0 0.9078762531280518 0.014749530702829361
   60   0 0 0.8882586359977722 0.01475571934133768
   70   0 0 0.8506660461425781 0.014776232652366161
   80   0 0 0.8528529405593872 0.014916651882231236
   90   0 0 0.8524453043937683 0.014860961586236954
   100   0 0 0.826784610748291 0.014729155227541924
   110   0 0 0.8196308016777039 0.014752523973584175
   120   0 0 0.8148286938667297 0.014730860479176044
   130   0 0 0.8318018913269043 0.014655400067567825
   140   0 0 0.7715033888816833 0.014897831715643406
   150   0 0 0.8065732717514038 0.014852939173579216
Total Training Time: 7.1986263328128395 hours 
