l_NEW: 0.005, l_JD : 0.0, l_FMD: 0.0, l_MSE: 1.0, d_penalty: 0.0, L: 2, z_dim: 1, bs: 64
| EPOCH |      PLF-JD     |      PLF-FMD    |      PLF-NEW    |      MSE        |
   1   0 0 2.713056802749634 0.020987344905734062
   10   0 0 1.932679533958435 0.022537993267178535
   20   0 0 1.7896040678024292 0.023007748648524284
   30   0 0 1.744423508644104 0.023089421913027763
   40   0 0 1.7384752035140991 0.022948360070586205
   50   0 0 1.667421579360962 0.02310052514076233
   60   0 0 1.6581480503082275 0.02324574999511242
   70   0 0 1.5976368188858032 0.023364700376987457
   80   0 0 1.5967553853988647 0.02341572940349579
   90   0 0 1.6462123394012451 0.023172523826360703
   100   0 0 1.5851867198944092 0.02328750491142273
   110   0 0 1.4901515245437622 0.02338261343538761
   120   0 0 1.5363457202911377 0.023463627323508263
   130   0 0 1.6582090854644775 0.023175539448857307
   140   0 0 1.5102354288101196 0.023513611406087875
   150   0 0 1.4859298467636108 0.023574521765112877
Total Training Time: 7.520536174045668 hours 
l_NEW: 0.005, l_JD : 0.0, l_FMD: 0.0, l_MSE: 1.0, d_penalty: 0.0, L: 2, z_dim: 1, bs: 64
| EPOCH |      PLF-JD     |      PLF-FMD    |      PLF-NEW    |      MSE        |
   1   0 0 1.6059621572494507 0.023442337289452553
   10   0 0 1.4342068433761597 0.023619046434760094
   20   0 0 1.5251826047897339 0.023494144901633263
   30   0 0 1.421854853630066 0.023630371317267418
   40   0 0 1.4542765617370605 0.023542162030935287
   50   0 0 1.4527689218521118 0.02356152981519699
   60   0 0 1.4192060232162476 0.023833181709051132
   70   0 0 1.4074245691299438 0.023953353986144066
   80   0 0 1.3270119428634644 0.02411697991192341
   90   0 0 1.4401679039001465 0.02413324825465679
   100   0 0 1.337383508682251 0.02395634353160858
   110   0 0 1.241690754890442 0.024137046188116074
   120   0 0 1.348940134048462 0.023824606090784073
   130   0 0 1.3262865543365479 0.023752059787511826
   140   0 0 1.242084264755249 0.024100428447127342
   150   0 0 1.3811630010604858 0.02388433739542961
Total Training Time: 7.497331877350807 hours 
