l_NEW: 0.08, l_JD : 0.0, l_FMD: 0.0, l_MSE: 1.0, d_penalty: 0.0, L: 2, z_dim: 1, bs: 64
| EPOCH |      PLF-JD     |      PLF-FMD    |      PLF-NEW    |      MSE        |
   1   0 0 2.231750965118408 0.025745179504156113
   10   0 0 1.4225356578826904 0.027080552652478218
   20   0 0 1.278924584388733 0.027539316564798355
   30   0 0 1.3053069114685059 0.02809160016477108
   40   0 0 1.304506540298462 0.028249384835362434
   50   0 0 1.2825909852981567 0.027822410687804222
   60   0 0 1.1010152101516724 0.028792889788746834
   70   0 0 1.1742593050003052 0.028354952111840248
   80   0 0 1.1795272827148438 0.028132252395153046
   90   0 0 1.1740649938583374 0.028306255117058754
   100   0 0 1.1854785680770874 0.02819223515689373
   110   0 0 1.1365433931350708 0.028378022834658623
   120   0 0 1.0725634098052979 0.028913654386997223
   130   0 0 1.1382251977920532 0.028102906420826912
   140   0 0 1.0590245723724365 0.02870864048600197
   150   0 0 1.0826892852783203 0.02880629524588585
Total Training Time: 7.413114040295283 hours 
l_NEW: 0.08, l_JD : 0.0, l_FMD: 0.0, l_MSE: 1.0, d_penalty: 0.0, L: 2, z_dim: 1, bs: 64
| EPOCH |      PLF-JD     |      PLF-FMD    |      PLF-NEW    |      MSE        |
   1   0 0 1.0627150535583496 0.02863377332687378
   10   0 0 1.0150803327560425 0.02853790484368801
   20   0 0 0.9283026456832886 0.028769152238965034
   30   0 0 0.9999223351478577 0.028663763776421547
   40   0 0 0.9522433876991272 0.028531713411211967
   50   0 0 0.9653503894805908 0.028439857065677643
   60   0 0 0.9108213186264038 0.02889806032180786
   70   0 0 0.9607649445533752 0.028278693556785583
   80   0 0 0.8960555195808411 0.028701137751340866
   90   0 0 0.8994778394699097 0.02910788170993328
   100   0 0 0.8828765153884888 0.029223961755633354
   110   0 0 0.8676342368125916 0.02904181182384491
   120   0 0 0.8584967851638794 0.029018305242061615
   130   0 0 0.8783552646636963 0.02910490892827511
   140   0 0 0.880874514579773 0.029352035373449326
   150   0 0 0.7986992001533508 0.02830413356423378
Total Training Time: 7.463324642313851 hours 
