l_NEW: 0.0, l_JD : 0.06, l_FMD: 0.0, l_MSE: 1.0,step: 15, d_penalty: 0.0, L: 2, z_dim: 1-4, bs: 64
| EPOCH |      PLF-JD     |      PLF-FMD    |      PLF-NEW    |      MSE        |
   1   2.8298749923706055 0 0 0.022080035880208015
   10   2.0203857421875 0 0 0.024200797080993652
   20   1.9984837770462036 0 0 0.024090491235256195
   30   2.015393018722534 0 0 0.024870311841368675
   40   2.0187182426452637 0 0 0.024677174165844917
   50   1.9887274503707886 0 0 0.02484908513724804
   60   1.9864360094070435 0 0 0.025032680481672287
   70   1.9610103368759155 0 0 0.024575306102633476
   80   1.9430932998657227 0 0 0.025238556787371635
   90   1.9358986616134644 0 0 0.02471495419740677
   100   1.909109354019165 0 0 0.025088494643568993
   110   1.874340534210205 0 0 0.02487228624522686
   120   1.824682593345642 0 0 0.02468574047088623
   130   1.7945082187652588 0 0 0.025121206417679787
l_NEW: 0.0, l_JD : 0.06, l_FMD: 0.0, l_MSE: 1.0,step: 15, d_penalty: 0.0, L: 2, z_dim: 1-4, bs: 64
| EPOCH |      PLF-JD     |      PLF-FMD    |      PLF-NEW    |      MSE        |
   1   1.844591736793518 0 0 0.024590978398919106
   10   1.8011068105697632 0 0 0.024374941363930702
   20   1.7682034969329834 0 0 0.024894719943404198
   30   1.7661988735198975 0 0 0.024324476718902588
   40   1.718076467514038 0 0 0.024832921102643013
   50   1.6712067127227783 0 0 0.02457677572965622
   60   1.6603840589523315 0 0 0.02479356899857521
   70   1.6119534969329834 0 0 0.025144832208752632
   80   1.6446865797042847 0 0 0.024700051173567772
   90   1.6407009363174438 0 0 0.02511555328965187
   100   1.6180179119110107 0 0 0.024332186207175255
   110   1.5903270244598389 0 0 0.02487604320049286
   120   1.5430622100830078 0 0 0.025056106969714165
   130   1.6074882745742798 0 0 0.025173064321279526
l_NEW: 0.0, l_JD : 0.06, l_FMD: 0.0, l_MSE: 1.0,step: 15, d_penalty: 0.0, L: 2, z_dim: 1-4, bs: 64
| EPOCH |      PLF-JD     |      PLF-FMD    |      PLF-NEW    |      MSE        |
   1   1.6362260580062866 0 0 0.02506421133875847
   10   1.5909879207611084 0 0 0.024815402925014496
   20   1.5928542613983154 0 0 0.024962259456515312
   30   1.5372259616851807 0 0 0.02504587359726429
   40   1.5825756788253784 0 0 0.025118470191955566
   50   1.4971002340316772 0 0 0.025161996483802795
   60   1.5365147590637207 0 0 0.024783223867416382
   70   1.5384249687194824 0 0 0.025499217212200165
   80   1.4354119300842285 0 0 0.02503017708659172
   90   1.4609042406082153 0 0 0.02504410222172737
   100   1.5063172578811646 0 0 0.025028906762599945
   110   1.5078256130218506 0 0 0.025102946907281876
   120   1.4654924869537354 0 0 0.025385722517967224
   130   1.4523617029190063 0 0 0.02502189762890339
l_NEW: 0.0, l_JD : 0.06, l_FMD: 0.0, l_MSE: 1.0,step: 15, d_penalty: 0.0, L: 2, z_dim: 1-4, bs: 64
| EPOCH |      PLF-JD     |      PLF-FMD    |      PLF-NEW    |      MSE        |
   1   1.4473329782485962 0 0 0.02489069290459156
   10   1.4752644300460815 0 0 0.02509516291320324
   20   1.4518187046051025 0 0 0.0250835120677948
   30   1.457461953163147 0 0 0.025216199457645416
   40   1.420825719833374 0 0 0.02488459274172783
   50   1.4835216999053955 0 0 0.025181587785482407
   60   1.431862473487854 0 0 0.025272855535149574
Total Training Time: 3.5579008784559036 hours 
