l_NEW: 0.0, l_JD : 0.08, l_FMD: 0.0, l_MSE: 1.0, d_penalty: 0.0,step:[11, 5], L: 2, z_dim: 1, bs: 64, bit_rate: 2, s_b: False, dataset:mmnist_unidir_4_axis_random
| EPOCH |      PLF-JD     |      PLF-FMD    |      PLF-NEW    |      MSE        |
   1   3.7956619262695312 0 0 0.029310882091522217
   10   3.40254807472229 0 0 0.030566859990358353
   20   3.2957093715667725 0 0 0.030682381242513657
   30   2.9924428462982178 0 0 0.0324789322912693
   40   3.0813581943511963 0 0 0.031991325318813324
   50   3.150305986404419 0 0 0.033251386135816574
   60   3.0997490882873535 0 0 0.03314708173274994
   70   3.341917037963867 0 0 0.032710541039705276
   80   3.516702175140381 0 0 0.032974470406770706
   90   3.6609976291656494 0 0 0.03319459781050682
   100   3.6984615325927734 0 0 0.033132217824459076
   110   3.7284092903137207 0 0 0.03253265097737312
   120   3.7278428077697754 0 0 0.03248090669512749
   130   3.8565661907196045 0 0 0.033455464988946915
   140   3.7558937072753906 0 0 0.03275558724999428
   150   3.7351479530334473 0 0 0.032955195754766464
   160   3.833160877227783 0 0 0.032893650233745575
   170   3.796837568283081 0 0 0.03397774696350098
   180   3.6599366664886475 0 0 0.03339948505163193
   190   3.6395723819732666 0 0 0.034084420651197433
   200   3.5571484565734863 0 0 0.0334479995071888
   210   3.509047031402588 0 0 0.033685822039842606
   220   3.4734766483306885 0 0 0.0336451381444931
   230   3.4055566787719727 0 0 0.03361830115318298
   240   3.347532272338867 0 0 0.034077174961566925
   250   3.3401381969451904 0 0 0.03503289446234703
   260   3.286203384399414 0 0 0.03483827784657478
   270   3.194976806640625 0 0 0.03435928374528885
   280   3.203012466430664 0 0 0.03392433375120163
   290   3.290513277053833 0 0 0.034120768308639526
   300   3.1074771881103516 0 0 0.03510521352291107
   310   3.089203357696533 0 0 0.035334262996912
   320   3.0883851051330566 0 0 0.03605390340089798
   330   3.096731185913086 0 0 0.03622870519757271
   340   3.0960381031036377 0 0 0.03664843738079071
   350   3.074617624282837 0 0 0.036494217813014984
   360   3.0354208946228027 0 0 0.0370277464389801
   370   3.0433242321014404 0 0 0.03603092208504677
   380   2.9987547397613525 0 0 0.03651420772075653
   390   2.865764617919922 0 0 0.036539819091558456
   400   2.861837863922119 0 0 0.036611899733543396
   410   2.754520893096924 0 0 0.03694969043135643
   420   2.7938122749328613 0 0 0.03551219776272774
   430   2.682621717453003 0 0 0.035971518605947495
   440   2.6667873859405518 0 0 0.036455996334552765
   450   2.7135043144226074 0 0 0.035796914249658585
   460   2.6653075218200684 0 0 0.03649568185210228
   470   2.7107691764831543 0 0 0.036645594984292984
   480   2.6203339099884033 0 0 0.037380289286375046
   490   2.7066237926483154 0 0 0.037824906408786774
l_NEW: 0.0, l_JD : 0.08, l_FMD: 0.0, l_MSE: 1.0, d_penalty: 0.0,step:[11, 5], L: 2, z_dim: 1, bs: 64, bit_rate: 2, s_b: False, dataset:mmnist_unidir_4_axis_random
| EPOCH |      PLF-JD     |      PLF-FMD    |      PLF-NEW    |      MSE        |
   1   2.8020873069763184 0 0 0.037319671362638474
   10   2.6407411098480225 0 0 0.03665991500020027
   20   2.6991822719573975 0 0 0.03735262155532837
   30   2.61043381690979 0 0 0.03710293397307396
   40   2.6760082244873047 0 0 0.03640327602624893
   50   2.5725014209747314 0 0 0.036081649363040924
   60   2.6025733947753906 0 0 0.03634108230471611
   70   2.4956932067871094 0 0 0.036206502467393875
   80   2.5158748626708984 0 0 0.03519676253199577
   90   2.4875547885894775 0 0 0.03496332839131355
   100   2.4585154056549072 0 0 0.03495320305228233
   110   2.4030699729919434 0 0 0.0345022976398468
   120   2.413149833679199 0 0 0.03478292375802994
   130   2.486588716506958 0 0 0.03515787795186043
   140   2.4469797611236572 0 0 0.035024452954530716
   150   2.509831190109253 0 0 0.03549399599432945
   160   2.5555853843688965 0 0 0.03642822429537773
   170   2.357055187225342 0 0 0.0354890301823616
   180   2.478102445602417 0 0 0.035136569291353226
   190   2.369281768798828 0 0 0.035691868513822556
   200   2.2905795574188232 0 0 0.03643179312348366
   210   2.3164656162261963 0 0 0.03694171458482742
   220   2.4552605152130127 0 0 0.03723413497209549
   230   2.281174898147583 0 0 0.037384577095508575
   240   2.3955271244049072 0 0 0.036790214478969574
   250   2.283364772796631 0 0 0.03764494135975838
   260   2.308764696121216 0 0 0.037395309656858444
   270   2.2502996921539307 0 0 0.03710862249135971
   280   2.2730472087860107 0 0 0.03720090165734291
   290   2.2627265453338623 0 0 0.03624952211976051
   300   2.2128827571868896 0 0 0.03756830841302872
   310   2.2370476722717285 0 0 0.037893135100603104
   320   2.2315385341644287 0 0 0.038099098950624466
   330   2.3067240715026855 0 0 0.03920545056462288
   340   2.448833703994751 0 0 0.03847753629088402
   350   2.294952630996704 0 0 0.038568899035453796
   360   2.196141242980957 0 0 0.03784522786736488
   370   2.3048620223999023 0 0 0.03832686319947243
   380   2.3252203464508057 0 0 0.03915749862790108
   390   2.1562933921813965 0 0 0.03936347737908363
   400   2.140942335128784 0 0 0.03884914517402649
   410   2.22597336769104 0 0 0.038429759442806244
   420   2.2676892280578613 0 0 0.038292404264211655
   430   2.157670497894287 0 0 0.037748657166957855
   440   2.189602851867676 0 0 0.03700193390250206
   450   2.0434796810150146 0 0 0.03732150048017502
   460   2.081028699874878 0 0 0.03741559013724327
   470   2.232938766479492 0 0 0.03707253187894821
   480   2.1716420650482178 0 0 0.03760964050889015
   490   2.0889251232147217 0 0 0.036979902535676956
l_NEW: 0.0, l_JD : 0.08, l_FMD: 0.0, l_MSE: 1.0, d_penalty: 0.0,step:[11, 5], L: 2, z_dim: 1, bs: 64, bit_rate: 2, s_b: False, dataset:mmnist_unidir_4_axis_random
| EPOCH |      PLF-JD     |      PLF-FMD    |      PLF-NEW    |      MSE        |
   1   2.153564214706421 0 0 0.03676661476492882
   10   2.0703141689300537 0 0 0.03725610673427582
   20   1.989029884338379 0 0 0.037511423230171204
   30   2.0265893936157227 0 0 0.03767511621117592
   40   2.02803373336792 0 0 0.037582576274871826
   50   2.0155189037323 0 0 0.03773769363760948
   60   2.0207271575927734 0 0 0.037876930087804794
   70   2.0260634422302246 0 0 0.03777167201042175
   80   2.0448780059814453 0 0 0.037459325045347214
   90   1.9858360290527344 0 0 0.03765535727143288
   100   1.988893985748291 0 0 0.037345852702856064
   110   2.0529327392578125 0 0 0.03662070259451866
   120   2.0336358547210693 0 0 0.037708528339862823
   130   1.897422432899475 0 0 0.03761909529566765
   140   2.1327826976776123 0 0 0.036756712943315506
   150   2.100689649581909 0 0 0.03738478943705559
   160   2.0136756896972656 0 0 0.036927685141563416
   170   1.997611403465271 0 0 0.037082232534885406
   180   2.0149242877960205 0 0 0.03697609901428223
   190   1.9850009679794312 0 0 0.03682348132133484
   200   1.9664469957351685 0 0 0.03724260628223419
   210   1.9984698295593262 0 0 0.038110584020614624
   220   1.9742916822433472 0 0 0.038165606558322906
   230   2.0420517921447754 0 0 0.03684698045253754
   240   1.9817886352539062 0 0 0.03788810223340988
   250   1.9761810302734375 0 0 0.03850306570529938
   260   1.9385005235671997 0 0 0.03847989812493324
   270   1.9393339157104492 0 0 0.03855118528008461
   280   1.9560891389846802 0 0 0.0380241721868515
   290   1.884121298789978 0 0 0.03809863328933716
   300   1.8469444513320923 0 0 0.03887461870908737
   310   1.9542587995529175 0 0 0.03767334669828415
   320   1.8920871019363403 0 0 0.0381961427628994
   330   1.8522145748138428 0 0 0.038206037133932114
   340   1.920271635055542 0 0 0.037731461226940155
   350   1.875493049621582 0 0 0.0376429408788681
   360   1.8961552381515503 0 0 0.03822622075676918
   370   1.9470566511154175 0 0 0.037166230380535126
   380   1.8981304168701172 0 0 0.03809390589594841
   390   1.8415993452072144 0 0 0.03818333521485329
   400   1.857919692993164 0 0 0.037822335958480835
   410   1.8522017002105713 0 0 0.03858513757586479
   420   1.9037790298461914 0 0 0.03845329210162163
   430   1.8301435708999634 0 0 0.03829677402973175
   440   1.8443821668624878 0 0 0.03817151114344597
   450   1.8308231830596924 0 0 0.03808975592255592
   460   1.7973666191101074 0 0 0.03836021572351456
   470   1.867409110069275 0 0 0.038128890097141266
   480   1.8346328735351562 0 0 0.03840688243508339
   490   1.7613096237182617 0 0 0.038500700145959854
l_NEW: 0.0, l_JD : 0.08, l_FMD: 0.0, l_MSE: 1.0, d_penalty: 0.0,step:[11, 5], L: 2, z_dim: 1, bs: 64, bit_rate: 2, s_b: False, dataset:mmnist_unidir_4_axis_random
| EPOCH |      PLF-JD     |      PLF-FMD    |      PLF-NEW    |      MSE        |
   1   1.8847453594207764 0 0 0.03785274550318718
   10   1.8439818620681763 0 0 0.03840849548578262
   20   1.872328281402588 0 0 0.03841707110404968
   30   1.8419954776763916 0 0 0.038033049553632736
   40   1.8109149932861328 0 0 0.03854444995522499
   50   1.9018445014953613 0 0 0.03760548681020737
   60   1.7548977136611938 0 0 0.037368785589933395
   70   1.781362771987915 0 0 0.03820646181702614
   80   1.823669672012329 0 0 0.03781876713037491
   90   1.7580065727233887 0 0 0.03723326697945595
   100   1.768541693687439 0 0 0.03764587268233299
   110   1.7401642799377441 0 0 0.03789769858121872
   120   1.6988952159881592 0 0 0.0380273163318634
   130   1.6447545289993286 0 0 0.038048114627599716
   140   1.6962286233901978 0 0 0.03805271536111832
   150   1.74593186378479 0 0 0.03770780563354492
   160   1.7393041849136353 0 0 0.03756898641586304
