l_NEW: 0.0, l_JD : 0.02, l_FMD: 0.0, l_MSE: 1.0, d_penalty: 0.0,step:[11, 5], L: 2, z_dim: 1, bs: 64, bit_rate: 2, s_b: False, dataset:mmnist_unidir_4_axis_random
| EPOCH |      PLF-JD     |      PLF-FMD    |      PLF-NEW    |      MSE        |
   1   3.6747500896453857 0 0 0.0282373558729887
   10   3.5308942794799805 0 0 0.028065288439393044
   20   3.183234453201294 0 0 0.029379580169916153
   30   2.942601203918457 0 0 0.030130553990602493
   40   2.9541454315185547 0 0 0.02985565923154354
   50   3.1336493492126465 0 0 0.02962169609963894
   60   3.1524431705474854 0 0 0.02965525910258293
   70   3.3738174438476562 0 0 0.029415011405944824
   80   3.582080125808716 0 0 0.029055092483758926
   90   3.6625125408172607 0 0 0.02913881279528141
   100   3.8205645084381104 0 0 0.02978527545928955
   110   3.8917617797851562 0 0 0.02980274334549904
   120   4.080901145935059 0 0 0.03040299005806446
   130   4.088773250579834 0 0 0.029972556978464127
   140   4.004334926605225 0 0 0.03014901839196682
   150   4.150496959686279 0 0 0.030719533562660217
   160   4.098805904388428 0 0 0.031313326209783554
   170   3.9879021644592285 0 0 0.03207016363739967
   180   3.8835275173187256 0 0 0.03160225600004196
   190   3.8823513984680176 0 0 0.03162546828389168
   200   3.948248863220215 0 0 0.033059943467378616
   210   4.0527849197387695 0 0 0.03410004824399948
   220   3.7397940158843994 0 0 0.03160250186920166
   230   3.7044925689697266 0 0 0.03169320896267891
   240   3.6016108989715576 0 0 0.03232741355895996
   250   3.6502137184143066 0 0 0.03260331228375435
   260   3.5968048572540283 0 0 0.03209315985441208
   270   3.524709701538086 0 0 0.03204917907714844
   280   3.524786949157715 0 0 0.032337263226509094
   290   3.527862787246704 0 0 0.03202439472079277
   300   3.402615547180176 0 0 0.03241971135139465
   310   3.402855396270752 0 0 0.03174091875553131
   320   3.4169394969940186 0 0 0.03140321373939514
   330   3.360488176345825 0 0 0.03175867348909378
   340   3.20176100730896 0 0 0.031764302402734756
   350   3.1735730171203613 0 0 0.03241826221346855
   360   3.186741828918457 0 0 0.033557649701833725
   370   3.1218197345733643 0 0 0.03327013924717903
   380   3.0750977993011475 0 0 0.03399808332324028
   390   3.164625883102417 0 0 0.03275033459067345
   400   3.1266283988952637 0 0 0.03289858251810074
   410   3.052283763885498 0 0 0.03242069110274315
   420   2.959641218185425 0 0 0.03336768224835396
   430   2.9779551029205322 0 0 0.03277132287621498
   440   3.0014731884002686 0 0 0.03275912255048752
   450   2.9657742977142334 0 0 0.03302031010389328
   460   3.0123744010925293 0 0 0.0338640920817852
   470   2.937608242034912 0 0 0.03377429395914078
   480   2.9387316703796387 0 0 0.03302088752388954
   490   2.853609800338745 0 0 0.032811351120471954
l_NEW: 0.0, l_JD : 0.02, l_FMD: 0.0, l_MSE: 1.0, d_penalty: 0.0,step:[11, 5], L: 2, z_dim: 1, bs: 64, bit_rate: 2, s_b: False, dataset:mmnist_unidir_4_axis_random
| EPOCH |      PLF-JD     |      PLF-FMD    |      PLF-NEW    |      MSE        |
   1   2.9043896198272705 0 0 0.032987989485263824
   10   2.842656135559082 0 0 0.03257942944765091
   20   2.8703107833862305 0 0 0.03249584138393402
   30   2.869185209274292 0 0 0.03328654542565346
   40   2.7750189304351807 0 0 0.033583905547857285
   50   2.897871255874634 0 0 0.03357896953821182
   60   2.703366756439209 0 0 0.0329262800514698
   70   2.750744342803955 0 0 0.034122247248888016
   80   2.634398937225342 0 0 0.03419756889343262
   90   2.718524932861328 0 0 0.03312395140528679
   100   2.664999485015869 0 0 0.032876040786504745
   110   2.65743350982666 0 0 0.03320443630218506
   120   2.617175340652466 0 0 0.033073749393224716
   130   2.5004451274871826 0 0 0.0337279811501503
   140   2.563924789428711 0 0 0.03306538239121437
   150   2.6832141876220703 0 0 0.03314381465315819
   160   2.614475965499878 0 0 0.03350542113184929
   170   2.5165963172912598 0 0 0.033359378576278687
   180   2.5701687335968018 0 0 0.032281454652547836
   190   2.5022149085998535 0 0 0.03379761800169945
   200   2.6035778522491455 0 0 0.03385752812027931
   210   2.5221376419067383 0 0 0.03388917073607445
   220   2.517791748046875 0 0 0.03328987956047058
   230   2.417478322982788 0 0 0.03397536650300026
   240   2.4440207481384277 0 0 0.03358372673392296
   250   2.410876512527466 0 0 0.03406163305044174
   260   2.449002981185913 0 0 0.03434241935610771
   270   2.407437324523926 0 0 0.03393665701150894
   280   2.3261380195617676 0 0 0.03370145708322525
   290   2.417253255844116 0 0 0.03355683386325836
   300   2.305337429046631 0 0 0.03287827596068382
   310   2.559246063232422 0 0 0.03315489739179611
   320   2.3875672817230225 0 0 0.03333829715847969
   330   2.304919481277466 0 0 0.03348333761096001
   340   2.3086018562316895 0 0 0.033602405339479446
   350   2.3103790283203125 0 0 0.03342249616980553
   360   2.2303264141082764 0 0 0.03353678807616234
   370   2.461089611053467 0 0 0.033267270773649216
   380   2.3019261360168457 0 0 0.03391570225358009
   390   2.2469751834869385 0 0 0.03418583795428276
   400   2.196782112121582 0 0 0.03342883288860321
   410   2.2836532592773438 0 0 0.033995602279901505
   420   2.281836748123169 0 0 0.03304688632488251
   430   2.216965436935425 0 0 0.032902125269174576
   440   2.260685443878174 0 0 0.03358147665858269
   450   2.223891019821167 0 0 0.0332055538892746
   460   2.1173529624938965 0 0 0.03343646600842476
   470   2.1648662090301514 0 0 0.03316356614232063
   480   2.19698166847229 0 0 0.03325839713215828
   490   2.117119312286377 0 0 0.0331895686686039
   500   2.1093459129333496 0 0 0.03286959230899811
Total Training Time: 11.927044623560375 hours 
l_NEW: 0.0, l_JD : 0.02, l_FMD: 0.0, l_MSE: 1.0, d_penalty: 0.0,step:[11, 5], L: 2, z_dim: 1, bs: 64, bit_rate: 2, s_b: False, dataset:mmnist_unidir_4_axis_random
| EPOCH |      PLF-JD     |      PLF-FMD    |      PLF-NEW    |      MSE        |
   1   2.163008213043213 0 0 0.033015746623277664
   10   2.1216862201690674 0 0 0.03341643512248993
   20   2.1260108947753906 0 0 0.03305642306804657
   30   2.1118555068969727 0 0 0.033955395221710205
   40   2.0415291786193848 0 0 0.033785730600357056
   50   2.0638442039489746 0 0 0.033375732600688934
   60   2.126817464828491 0 0 0.033652789890766144
   70   2.16192889213562 0 0 0.033471133559942245
   80   2.135647773742676 0 0 0.0338473916053772
   90   2.04023814201355 0 0 0.033131614327430725
   100   2.099278688430786 0 0 0.033085424453020096
   110   2.026806592941284 0 0 0.03315291926264763
   120   2.18338942527771 0 0 0.033227432519197464
   130   2.0540761947631836 0 0 0.033745281398296356
   140   1.9776198863983154 0 0 0.03345496207475662
   150   1.9587424993515015 0 0 0.033476993441581726
   160   2.036306142807007 0 0 0.033416543155908585
   170   2.0217323303222656 0 0 0.03390015289187431
   180   2.017367124557495 0 0 0.033579256385564804
   190   1.9824703931808472 0 0 0.033229369670152664
   200   2.0483450889587402 0 0 0.03391117602586746
   210   2.0341944694519043 0 0 0.03376277908682823
   220   1.9603527784347534 0 0 0.03319648653268814
   230   2.0071277618408203 0 0 0.03367525711655617
   240   1.9622552394866943 0 0 0.03362419828772545
   250   1.9422677755355835 0 0 0.032934755086898804
   260   1.878774642944336 0 0 0.033920999616384506
   270   1.8821899890899658 0 0 0.03404221683740616
   280   1.9858906269073486 0 0 0.03340815007686615
   290   2.0000860691070557 0 0 0.033724233508110046
   300   1.9362367391586304 0 0 0.03393081948161125
   310   1.9701989889144897 0 0 0.033468954265117645
   320   2.093351364135742 0 0 0.034148890525102615
   330   1.8824493885040283 0 0 0.03387615829706192
   340   1.8962547779083252 0 0 0.03325944021344185
   350   1.9355005025863647 0 0 0.033494845032691956
   360   1.8738151788711548 0 0 0.0326559878885746
   370   1.941797137260437 0 0 0.0337069109082222
   380   1.9703657627105713 0 0 0.03293862193822861
   390   1.9217079877853394 0 0 0.03365977853536606
   400   1.864814043045044 0 0 0.0332956463098526
   410   1.9005979299545288 0 0 0.033021606504917145
   420   1.9921274185180664 0 0 0.03267945349216461
   430   1.9021108150482178 0 0 0.03255515918135643
   440   1.7964731454849243 0 0 0.03274513781070709
   450   1.8046400547027588 0 0 0.03307653218507767
