l_NEW: 0.0, l_JD : 0.002, l_FMD: 0.0, l_MSE: 1.0, d_penalty: 0.0, L: 2, z_dim: 4, bs: 64
| EPOCH |      PLF-JD     |      PLF-FMD    |      PLF-NEW    |      MSE        |
   1   4.749249458312988 0 0 0.012469383887946606
   10   4.21019983291626 0 0 0.013200601562857628
   20   4.060664176940918 0 0 0.013354538939893246
   30   4.04400110244751 0 0 0.013433546759188175
   40   3.915797472000122 0 0 0.013573280535638332
   50   3.942934989929199 0 0 0.01367329154163599
   60   3.8926680088043213 0 0 0.013751442544162273
   70   3.8410885334014893 0 0 0.013781940564513206
   80   3.922922372817993 0 0 0.013755559921264648
   90   3.9651806354522705 0 0 0.01380553375929594
   100   3.9014225006103516 0 0 0.013822883367538452
   110   3.9536986351013184 0 0 0.01386679895222187
   120   3.9507627487182617 0 0 0.013819437474012375
   130   3.900574207305908 0 0 0.013926816172897816
   140   3.854135513305664 0 0 0.014060216024518013
   150   3.9790892601013184 0 0 0.013919954188168049
Total Training Time: 7.309973790579372 hours 
l_NEW: 0.0, l_JD : 0.002, l_FMD: 0.0, l_MSE: 1.0, d_penalty: 0.0, L: 2, z_dim: 4, bs: 64
| EPOCH |      PLF-JD     |      PLF-FMD    |      PLF-NEW    |      MSE        |
   1   3.8921217918395996 0 0 0.013872289098799229
