l_NEW: 0.0, l_JD : 0.0, l_FMD: 0.0, l_MSE: 1.0,step: 15, d_penalty: 0.0, L: 2, z_dim: 1-4, bs: 64
| EPOCH |      PLF-JD     |      PLF-FMD    |      PLF-NEW    |      MSE        |
   1   10.203237533569336 10.335334777832031 10.04270076751709 0.0187132079154253
   10   8.247551918029785 8.564119338989258 8.142492294311523 0.014196915552020073
   20   7.564063549041748 7.437987804412842 7.89975118637085 0.012919081375002861
   30   7.313706874847412 7.4193291664123535 7.034348487854004 0.01222460437566042
   40   6.491259574890137 6.941676139831543 6.806097984313965 0.011655787006020546
   50   6.452441692352295 6.577743053436279 6.348024368286133 0.011206387542188168
   60   6.095399379730225 6.215812683105469 5.996603965759277 0.010827192105352879
   70   6.061662197113037 6.147754669189453 5.9758453369140625 0.010578881949186325
   80   5.803327560424805 5.697918891906738 5.88247013092041 0.010260626673698425
Total Training Time: 10.925812056528198 hours 
