l_NEW: 0.0, l_JD : 0.01, l_FMD: 0.0, l_MSE: 1.0, d_penalty: 0.0, L: 2, z_dim: 1, bs: 64
| EPOCH |      PLF-JD     |      PLF-FMD    |      PLF-NEW    |      MSE        |
   1   2.626359462738037 0 0 0.022460613399744034
   10   1.9285494089126587 0 0 0.023853350430727005
   20   1.8327155113220215 0 0 0.02439305931329727
   30   1.7665330171585083 0 0 0.024177756160497665
   40   1.751063346862793 0 0 0.024544483050704002
   50   1.6927417516708374 0 0 0.024835359305143356
   60   1.6215749979019165 0 0 0.024880722165107727
   70   1.6296279430389404 0 0 0.024689501151442528
   80   1.5416929721832275 0 0 0.02476540207862854
   90   1.5623387098312378 0 0 0.02486225962638855
   100   1.4627647399902344 0 0 0.02492014318704605
   110   1.4701898097991943 0 0 0.025010673329234123
   120   1.4406709671020508 0 0 0.024935666471719742
   130   1.4250068664550781 0 0 0.025074917823076248
   140   1.395844578742981 0 0 0.025172239169478416
   150   1.3780869245529175 0 0 0.025102799758315086
Total Training Time: 7.464863082567851 hours 
l_NEW: 0.0, l_JD : 0.01, l_FMD: 0.0, l_MSE: 1.0, d_penalty: 0.0, L: 2, z_dim: 1, bs: 64
| EPOCH |      PLF-JD     |      PLF-FMD    |      PLF-NEW    |      MSE        |
   1   1.4069404602050781 0 0 0.025032348930835724
   10   1.385247826576233 0 0 0.024973856285214424
   20   1.3224245309829712 0 0 0.025111287832260132
   30   1.3950519561767578 0 0 0.02480142004787922
   40   1.368054986000061 0 0 0.02510508894920349
   50   1.3554373979568481 0 0 0.02497696876525879
   60   1.389140009880066 0 0 0.02484108880162239
   70   1.348841667175293 0 0 0.024973643943667412
   80   1.322073221206665 0 0 0.02500726282596588
   90   1.2864108085632324 0 0 0.024975057691335678
   100   1.334063172340393 0 0 0.024935642257332802
   110   1.2993868589401245 0 0 0.025007091462612152
   120   1.3080945014953613 0 0 0.024786338210105896
   130   1.3257848024368286 0 0 0.024949822574853897
   140   1.3589348793029785 0 0 0.024696245789527893
   150   1.306083083152771 0 0 0.024981964379549026
Total Training Time: 7.429600143565072 hours 
