l_NEW: 0.08, l_JD : 0.0, l_FMD: 0.0, l_MSE: 1.0,step: 15, d_penalty: 0.0, L: 2, z_dim: 1-4, bs: 64
| EPOCH |      PLF-JD     |      PLF-FMD    |      PLF-NEW    |      MSE        |
l_NEW: 0.08, l_JD : 0.0, l_FMD: 0.0, l_MSE: 1.0,step: 15, d_penalty: 0.0, L: 2, z_dim: 1-4, bs: 64
| EPOCH |      PLF-JD     |      PLF-FMD    |      PLF-NEW    |      MSE        |
   1   0 0 2.91910457611084 0.021832525730133057
   10   0 0 1.8203622102737427 0.023356802761554718
   20   0 0 1.7960495948791504 0.023592935875058174
   30   0 0 1.9431960582733154 0.022399598732590675
   40   0 0 1.8615158796310425 0.02187378890812397
   50   0 0 1.8785837888717651 0.021882258355617523
   60   0 0 1.8181400299072266 0.021693658083677292
   70   0 0 1.8198729753494263 0.02214832417666912
   80   0 0 1.7959500551223755 0.022273894399404526
   90   0 0 1.785968542098999 0.02148686908185482
   100   0 0 1.7539736032485962 0.02157803438603878
   110   0 0 1.7650470733642578 0.021451853215694427
   120   0 0 1.7257702350616455 0.021512510254979134
   130   0 0 1.654876708984375 0.02153676003217697
   140   0 0 1.6601155996322632 0.02143404446542263
   150   0 0 1.6590700149536133 0.021503200754523277
   160   0 0 1.63720703125 0.02154427021741867
   170   0 0 1.5985534191131592 0.0215046014636755
   180   0 0 1.5543677806854248 0.02164257876574993
   190   0 0 1.6154826879501343 0.021160434931516647
   200   0 0 1.5703129768371582 0.020870696753263474
   210   0 0 1.5254063606262207 0.021448543295264244
   220   0 0 1.4844621419906616 0.021446460857987404
   230   0 0 1.5129461288452148 0.0215892530977726
   240   0 0 1.487975835800171 0.021191498264670372
   250   0 0 1.4466863870620728 0.021445835009217262
   260   0 0 1.429368495941162 0.021295540034770966
   270   0 0 1.4242552518844604 0.021277129650115967
l_NEW: 0.08, l_JD : 0.0, l_FMD: 0.0, l_MSE: 1.0,step: 15, d_penalty: 0.0, L: 2, z_dim: 1-4, bs: 64
| EPOCH |      PLF-JD     |      PLF-FMD    |      PLF-NEW    |      MSE        |
   1   0 0 1.4345086812973022 0.021349342539906502
   10   0 0 1.447532057762146 0.021417122334241867
   20   0 0 1.3884055614471436 0.021343953907489777
   30   0 0 1.385021448135376 0.02126351185142994
   40   0 0 1.4179476499557495 0.02146124467253685
   50   0 0 1.3799020051956177 0.02123330533504486
   60   0 0 1.3791767358779907 0.02098946087062359
   70   0 0 1.3486751317977905 0.021214304491877556
   80   0 0 1.3687310218811035 0.020939096808433533
   90   0 0 1.3315058946609497 0.021379882469773293
   100   0 0 1.3437150716781616 0.0215795636177063
   110   0 0 1.2885377407073975 0.02160997875034809
   120   0 0 1.2950501441955566 0.02099176123738289
   130   0 0 1.2689857482910156 0.02130916528403759
   140   0 0 1.2659556865692139 0.021248869597911835
   150   0 0 1.2371375560760498 0.021133841946721077
   160   0 0 1.2365059852600098 0.021193694323301315
   170   0 0 1.237467885017395 0.021327940747141838
   180   0 0 1.2220195531845093 0.02131727524101734
Total Training Time: 10.407679190635681 hours 
