l_NEW: 0.0, l_JD : 0.001, l_FMD: 0.0, l_MSE: 1.0, d_penalty: 0.0, L: 2, z_dim: 2, bs: 64
| EPOCH |      PLF-JD     |      PLF-FMD    |      PLF-NEW    |      MSE        |
   1   5.46584939956665 0 0 0.013704727403819561
   10   5.306557655334473 0 0 0.013839304447174072
   20   5.425876140594482 0 0 0.013868099078536034
   30   5.26250696182251 0 0 0.013916011899709702
   40   5.281843185424805 0 0 0.013869943097233772
   50   5.279289245605469 0 0 0.013972394168376923
   60   5.412928104400635 0 0 0.01381591334939003
   70   5.259603023529053 0 0 0.013845464214682579
Total Training Time: 3.4922395963139006 hours 
l_NEW: 0.0, l_JD : 0.001, l_FMD: 0.0, l_MSE: 1.0, d_penalty: 0.0, L: 2, z_dim: 2, bs: 64
| EPOCH |      PLF-JD     |      PLF-FMD    |      PLF-NEW    |      MSE        |
   1   5.26566743850708 0 0 0.013865262269973755
   10   5.28109884262085 0 0 0.013822080567479134
   20   5.21888542175293 0 0 0.01392276119440794
   30   5.163602828979492 0 0 0.013868856243789196
   40   5.151124000549316 0 0 0.013914845883846283
   50   5.397010326385498 0 0 0.013898639008402824
   60   5.244174957275391 0 0 0.013855944387614727
   70   5.286363124847412 0 0 0.013860874809324741
Total Training Time: 3.4276504655016793 hours 
l_NEW: 0.0, l_JD : 0.001, l_FMD: 0.0, l_MSE: 1.0, d_penalty: 0.0, L: 2, z_dim: 2, bs: 64
| EPOCH |      PLF-JD     |      PLF-FMD    |      PLF-NEW    |      MSE        |
   1   5.527499198913574 0 0 0.013932053931057453
   10   5.414612770080566 0 0 0.01387567538768053
   20   5.161355972290039 0 0 0.013980768620967865
   30   5.068582534790039 0 0 0.013903618790209293
   40   5.213973045349121 0 0 0.013968562707304955
   50   5.318612098693848 0 0 0.013820162042975426
   60   5.316564083099365 0 0 0.013815255835652351
   70   5.336283206939697 0 0 0.013804291374981403
Total Training Time: 3.372493570844332 hours 
l_NEW: 0.0, l_JD : 0.001, l_FMD: 0.0, l_MSE: 1.0, d_penalty: 0.0, L: 2, z_dim: 2, bs: 64
| EPOCH |      PLF-JD     |      PLF-FMD    |      PLF-NEW    |      MSE        |
   1   5.179120063781738 0 0 0.01388385146856308
   10   5.361739635467529 0 0 0.0138228265568614
   20   5.362915515899658 0 0 0.013838669285178185
   30   5.111457347869873 0 0 0.013922786340117455
   40   5.179596900939941 0 0 0.013837338425219059
   50   5.31101131439209 0 0 0.013908522203564644
   60   5.1459879875183105 0 0 0.01388944499194622
   70   5.151875972747803 0 0 0.013815338723361492
   80   5.149268627166748 0 0 0.013936654664576054
Total Training Time: 3.9902361327409746 hours 
l_NEW: 0.0, l_JD : 0.001, l_FMD: 0.0, l_MSE: 1.0, d_penalty: 0.0, L: 2, z_dim: 2, bs: 64
| EPOCH |      PLF-JD     |      PLF-FMD    |      PLF-NEW    |      MSE        |
   1   5.322818756103516 0 0 0.01378928404301405
   10   5.130517482757568 0 0 0.013936080038547516
Total Training Time: 0.5320397616757286 hours 
