l_NEW: 0.0, l_JD : 0.0, l_FMD: 0.025, l_MSE: 1.0, d_penalty: 0.0, L: 2, z_dim: 6, bs: 64
| EPOCH |      PLF-JD     |      PLF-FMD    |      PLF-NEW    |      MSE        |
   1   0 2.56129789352417 0 0.016339225694537163
   10   0 1.4213601350784302 0 0.017191343009471893
   20   0 1.3636667728424072 0 0.017314117401838303
   30   0 1.226307988166809 0 0.017099861055612564
   40   0 1.1712042093276978 0 0.0175712201744318
   50   0 1.2118796110153198 0 0.017151588574051857
   60   0 1.1990548372268677 0 0.01709461770951748
   70   0 1.18174409866333 0 0.017220843583345413
   80   0 1.1575299501419067 0 0.01735127530992031
   90   0 1.1326231956481934 0 0.01718198135495186
   100   0 1.1167778968811035 0 0.017000459134578705
   110   0 1.0939537286758423 0 0.017350031062960625
   120   0 1.116163730621338 0 0.017105165868997574
   130   0 1.051098346710205 0 0.017377648502588272
   140   0 0.9826781749725342 0 0.017200322821736336
   150   0 1.0242787599563599 0 0.01732025109231472
Total Training Time: 6.92329579187764 hours 
l_NEW: 0.0, l_JD : 0.0, l_FMD: 0.025, l_MSE: 1.0, d_penalty: 0.0, L: 2, z_dim: 6, bs: 64
| EPOCH |      PLF-JD     |      PLF-FMD    |      PLF-NEW    |      MSE        |
   1   0 1.0045809745788574 0 0.017237793654203415
   10   0 1.0057368278503418 0 0.01714339666068554
   20   0 0.9614733457565308 0 0.01727985218167305
   30   0 0.9435651898384094 0 0.017361851409077644
   40   0 0.9478540420532227 0 0.017406808212399483
   50   0 0.939337432384491 0 0.017292698845267296
   60   0 0.901989758014679 0 0.01749132014811039
   70   0 0.9288554191589355 0 0.01740105263888836
   80   0 0.891136646270752 0 0.017240343615412712
   90   0 0.8882974982261658 0 0.01729525811970234
   100   0 0.8699476718902588 0 0.017434637993574142
   110   0 0.8079409003257751 0 0.017652036622166634
   120   0 0.8422922492027283 0 0.017310036346316338
   130   0 0.8464545607566833 0 0.01724006049335003
   140   0 0.8214783072471619 0 0.017332645133137703
   150   0 0.8459322452545166 0 0.017388252541422844
Total Training Time: 7.203926274644004 hours 
