l_NEW: 0.0, l_JD : 0.0, l_FMD: 0.0, l_MSE: 1.0, d_penalty: 0.0,step:[11, 5], L: 2, z_dim: 1, bs: 64, bit_rate: 2, s_b: False
| EPOCH |      PLF-JD     |      PLF-FMD    |      PLF-NEW    |      MSE        |
   1   0 0 0 0.02106764353811741
   10   0 0 0 0.012875588610768318
   20   0 0 0 0.011823080480098724
   30   0 0 0 0.011356952600181103
   40   0 0 0 0.011070341803133488
   50   0 0 0 0.010881253518164158
   60   0 0 0 0.010767079889774323
   70   0 0 0 0.0106567507609725
   80   0 0 0 0.010547148063778877
   90   0 0 0 0.010479557327926159
   100   0 0 0 0.010503598488867283
Total Training Time: 2.283301823602782 hours 
