l_NEW: 0.0, l_JD : 0.0, l_FMD: 0.001, l_MSE: 1.0, d_penalty: 0.0, L: 2, z_dim: 8, bs: 64
| EPOCH |      PLF-JD     |      PLF-FMD    |      PLF-NEW    |      MSE        |
   1   0 2.9868528842926025 0 0.008974490687251091
   10   0 2.5951087474823 0 0.009113095700740814
   20   0 2.5845913887023926 0 0.009173107333481312
   30   0 2.44781756401062 0 0.009188164956867695
   40   0 2.516110897064209 0 0.00916123203933239
   50   0 2.558962345123291 0 0.009189330041408539
   60   0 2.5696966648101807 0 0.009181683883070946
   70   0 2.5369813442230225 0 0.009180464781820774
   80   0 2.4673569202423096 0 0.009188537485897541
   90   0 2.5597338676452637 0 0.009184442460536957
   100   0 2.558939218521118 0 0.009160596877336502
   110   0 2.4784059524536133 0 0.00912680197507143
   120   0 2.529834508895874 0 0.009139377623796463
   130   0 2.556126356124878 0 0.00913667306303978
   140   0 2.593585968017578 0 0.009054313413798809
   150   0 2.522963285446167 0 0.009200450032949448
   160   0 2.5521764755249023 0 0.009094677865505219
   170   0 2.4593865871429443 0 0.009142400696873665
   180   0 2.499382495880127 0 0.009170789271593094
   190   0 2.4692015647888184 0 0.009091353975236416
   200   0 2.46848726272583 0 0.00909481942653656
   210   0 2.410922050476074 0 0.009170674718916416
   220   0 2.5316126346588135 0 0.009114447981119156
   230   0 2.465944290161133 0 0.009134992025792599
   240   0 2.4664816856384277 0 0.009143447503447533
   250   0 2.476059675216675 0 0.009160486981272697
Total Training Time: 11.764630904065237 hours 
l_NEW: 0.0, l_JD : 0.0, l_FMD: 0.001, l_MSE: 1.0, d_penalty: 0.0, L: 2, z_dim: 8, bs: 64
| EPOCH |      PLF-JD     |      PLF-FMD    |      PLF-NEW    |      MSE        |
   1   0 2.4282402992248535 0 0.009190649725496769
   10   0 2.4806084632873535 0 0.009059174917638302
   20   0 2.4525275230407715 0 0.009095738641917706
   30   0 2.5057787895202637 0 0.009074012748897076
   40   0 2.429380416870117 0 0.00914349127560854
   50   0 2.5376169681549072 0 0.009045477025210857
Total Training Time: 2.408155954612626 hours 
