l_NEW: 0.0, l_JD : 0.0, l_FMD: 0.002, l_MSE: 1.0, d_penalty: 0.0, L: 2, z_dim: 1, bs: 64
| EPOCH |      PLF-JD     |      PLF-FMD    |      PLF-NEW    |      MSE        |
l_NEW: 0.0, l_JD : 0.0, l_FMD: 0.002, l_MSE: 1.0, d_penalty: 0.0, L: 2, z_dim: 1, bs: 64
| EPOCH |      PLF-JD     |      PLF-FMD    |      PLF-NEW    |      MSE        |
   1   0 4.325653076171875 0 0.016728876158595085
   10   0 3.585519552230835 0 0.017722224816679955
   20   0 3.3363428115844727 0 0.01804259419441223
   30   0 3.388037919998169 0 0.01802574284374714
   40   0 3.3461146354675293 0 0.018039222806692123
   50   0 3.098895788192749 0 0.018289610743522644
   60   0 3.147799491882324 0 0.0183377917855978
   70   0 3.30082368850708 0 0.018135154619812965
   80   0 3.1091814041137695 0 0.018404070287942886
   90   0 2.9755868911743164 0 0.01840764842927456
   100   0 2.9256772994995117 0 0.018552694469690323
   110   0 3.0771849155426025 0 0.01845088228583336
   120   0 3.0834059715270996 0 0.018481051549315453
   130   0 2.9518206119537354 0 0.018598489463329315
   140   0 2.900278091430664 0 0.018513794988393784
   150   0 3.0379738807678223 0 0.018436897546052933
   160   0 2.9125356674194336 0 0.01854558475315571
   170   0 2.789034366607666 0 0.018639372661709785
   180   0 2.924651622772217 0 0.018483061343431473
   190   0 2.838282346725464 0 0.01849982514977455
   200   0 2.7240285873413086 0 0.0187616515904665
   210   0 2.6762123107910156 0 0.01869267039000988
   220   0 2.725503444671631 0 0.018698101863265038
   230   0 2.9969851970672607 0 0.018483299762010574
   240   0 2.90437650680542 0 0.018696600571274757
   250   0 2.6609835624694824 0 0.018606817349791527
Total Training Time: 11.558703308767743 hours 
l_NEW: 0.0, l_JD : 0.0, l_FMD: 0.002, l_MSE: 1.0, d_penalty: 0.0, L: 2, z_dim: 1, bs: 64
| EPOCH |      PLF-JD     |      PLF-FMD    |      PLF-NEW    |      MSE        |
   1   0 2.7398910522460938 0 0.01859845407307148
   10   0 2.712181568145752 0 0.018589511513710022
   20   0 2.8056116104125977 0 0.01855623908340931
   30   0 2.6600143909454346 0 0.018660228699445724
   40   0 2.745184898376465 0 0.018666572868824005
   50   0 2.6555421352386475 0 0.018599076196551323
Total Training Time: 2.4050575406683814 hours 
