l_NEW: 0.0, l_JD : 0.0, l_FMD: 0.005, l_MSE: 1.0, d_penalty: 0.0, L: 2, z_dim: 1, bs: 64
| EPOCH |      PLF-JD     |      PLF-FMD    |      PLF-NEW    |      MSE        |
l_NEW: 0.0, l_JD : 0.0, l_FMD: 0.005, l_MSE: 1.0, d_penalty: 0.0, L: 2, z_dim: 1, bs: 64
| EPOCH |      PLF-JD     |      PLF-FMD    |      PLF-NEW    |      MSE        |
   1   0 2.7663064002990723 0 0.02044815383851528
   10   0 1.7787927389144897 0 0.02227379009127617
   20   0 1.4564106464385986 0 0.022873081266880035
   30   0 1.410056471824646 0 0.022871840745210648
   40   0 1.4135528802871704 0 0.022738603875041008
   50   0 1.2385755777359009 0 0.023185530677437782
   60   0 1.2355412244796753 0 0.0231521837413311
   70   0 1.2295336723327637 0 0.023072408512234688
   80   0 1.3042540550231934 0 0.022889647632837296
   90   0 1.1869632005691528 0 0.02305617742240429
   100   0 1.1465336084365845 0 0.02321753464639187
   110   0 1.162271499633789 0 0.02311202511191368
   120   0 1.0971330404281616 0 0.02339734509587288
   130   0 1.045587182044983 0 0.023577218875288963
   140   0 1.0432093143463135 0 0.023440517485141754
   150   0 1.053810715675354 0 0.023333076387643814
   160   0 1.1164721250534058 0 0.023308416828513145
   170   0 0.9684180617332458 0 0.02382597140967846
   180   0 1.071648359298706 0 0.023297229781746864
   190   0 0.9503474831581116 0 0.023583929985761642
   200   0 0.8880673050880432 0 0.02364380843937397
   210   0 0.9630746245384216 0 0.02328675240278244
   220   0 1.0097726583480835 0 0.023415351286530495
   230   0 0.9750305414199829 0 0.023372095078229904
   240   0 0.9303489923477173 0 0.023549018427729607
   250   0 0.9003797173500061 0 0.02341877482831478
Total Training Time: 11.565472569465637 hours 
l_NEW: 0.0, l_JD : 0.0, l_FMD: 0.005, l_MSE: 1.0, d_penalty: 0.0, L: 2, z_dim: 1, bs: 64
| EPOCH |      PLF-JD     |      PLF-FMD    |      PLF-NEW    |      MSE        |
   1   0 0.8961136341094971 0 0.023618757724761963
   10   0 0.8925467133522034 0 0.023749738931655884
   20   0 0.9432423710823059 0 0.023372557014226913
   30   0 0.8906750082969666 0 0.023488357663154602
   40   0 0.9126131534576416 0 0.023465847596526146
   50   0 0.8474240899085999 0 0.02367069385945797
Total Training Time: 2.4078846294350096 hours 
