l_NEW: 0.0, l_JD : 0.0, l_FMD: 0.05, l_MSE: 1.0, d_penalty: 0.0,step:15, L: 2, z_dim: 1, bs: 64, bit_rate: 2, s_b: False
| EPOCH |      PLF-JD     |      PLF-FMD    |      PLF-NEW    |      MSE        |
   1   0 3.966824769973755 0 0.02599005401134491
   10   0 3.073200225830078 0 0.028869295492768288
   20   0 2.672955274581909 0 0.0293273888528347
   30   0 2.3561182022094727 0 0.02931954897940159
   40   0 2.1211326122283936 0 0.030033674091100693
   50   0 2.01385235786438 0 0.028985008597373962
   60   0 1.832472801208496 0 0.02969573251903057
   70   0 1.7340402603149414 0 0.030062612146139145
   80   0 1.7165615558624268 0 0.02966391295194626
   90   0 1.6456395387649536 0 0.029823975637555122
   100   0 1.627623200416565 0 0.02965364046394825
   110   0 1.581470012664795 0 0.029552411288022995
   120   0 1.6045509576797485 0 0.029518811032176018
   130   0 1.5121668577194214 0 0.02950955554842949
   140   0 1.449751853942871 0 0.02978910133242607
   150   0 1.4890867471694946 0 0.029945621266961098
   160   0 1.437708854675293 0 0.02992759272456169
   170   0 1.3729337453842163 0 0.03002212569117546
   180   0 1.3439494371414185 0 0.030152784660458565
   190   0 1.3210097551345825 0 0.03012986108660698
   200   0 1.3257259130477905 0 0.029398703947663307
   210   0 1.2707154750823975 0 0.03018140234053135
   220   0 1.2973997592926025 0 0.02956504188477993
   230   0 1.2657736539840698 0 0.0297673549503088
   240   0 1.30018150806427 0 0.030262721702456474
   250   0 1.2717243432998657 0 0.030201381072402
   260   0 1.1565710306167603 0 0.030163006857037544
   270   0 1.2141999006271362 0 0.029543437063694
