l_NEW: 0.0, l_JD : 0.0, l_FMD: 0.005, l_MSE: 1.0, d_penalty: 0.0, L: 2, z_dim: 2, bs: 64
| EPOCH |      PLF-JD     |      PLF-FMD    |      PLF-NEW    |      MSE        |
   1   0 2.882708787918091 0 0.01759607158601284
   10   0 1.6066374778747559 0 0.020250694826245308
   20   0 1.5543313026428223 0 0.02021283283829689
   30   0 1.4249576330184937 0 0.020667720586061478
   40   0 1.4972360134124756 0 0.0203530453145504
   50   0 1.3580495119094849 0 0.020636435598134995
   60   0 1.3134241104125977 0 0.02084735967218876
   70   0 1.3920756578445435 0 0.02054467238485813
   80   0 1.3036775588989258 0 0.020695963874459267
   90   0 1.2346783876419067 0 0.02095950022339821
   100   0 1.2283141613006592 0 0.02080616168677807
   110   0 1.1994825601577759 0 0.02084645815193653
   120   0 1.2023664712905884 0 0.020825820043683052
   130   0 1.2232669591903687 0 0.02084602601826191
   140   0 1.1288210153579712 0 0.020956579595804214
   150   0 1.1259493827819824 0 0.021145714446902275
   160   0 1.091121792793274 0 0.02089187316596508
   170   0 1.0607002973556519 0 0.02082814648747444
   180   0 1.0683759450912476 0 0.02116408757865429
   190   0 1.097281575202942 0 0.02088223583996296
   200   0 1.120552659034729 0 0.020778436213731766
   210   0 1.0484968423843384 0 0.020862208679318428
   220   0 1.0505623817443848 0 0.020799139514565468
   230   0 0.9799208045005798 0 0.02100585587322712
   240   0 0.9624562859535217 0 0.02116265892982483
   250   0 0.9922127723693848 0 0.02091354876756668
   260   0 0.9113357067108154 0 0.021046509966254234
   270   0 0.9839087128639221 0 0.020779334008693695
   280   0 0.8786877989768982 0 0.021293241530656815
   290   0 0.9211682677268982 0 0.021364998072385788
   300   0 0.9568553566932678 0 0.020946992561221123
Total Training Time: 14.25790654083093 hours 
