l_NEW: 0.0, l_JD : 0.06, l_FMD: 0.0, l_MSE: 1.0, d_penalty: 0.0,step:15, L: 2, z_dim: 1, bs: 64, bit_rate: 2, s_b: False
| EPOCH |      PLF-JD     |      PLF-FMD    |      PLF-NEW    |      MSE        |
   1   3.9591948986053467 0 0 0.02653127908706665
   10   3.5633888244628906 0 0 0.027987439185380936
   20   3.0433783531188965 0 0 0.028709666803479195
   30   2.8681464195251465 0 0 0.029375145211815834
   40   2.711665391921997 0 0 0.028584478422999382
   50   2.3747591972351074 0 0 0.028905048966407776
   60   2.3158528804779053 0 0 0.029693668708205223
   70   2.2375807762145996 0 0 0.029001014307141304
   80   2.2397022247314453 0 0 0.029668647795915604
   90   2.2522995471954346 0 0 0.030017824843525887
   100   2.2725863456726074 0 0 0.028988229110836983
   110   2.2827770709991455 0 0 0.029065685346722603
   120   2.382122039794922 0 0 0.030037377029657364
   130   2.3916993141174316 0 0 0.030125372111797333
   140   2.3548576831817627 0 0 0.02976689301431179
   150   2.363321542739868 0 0 0.0298013873398304
Total Training Time: 6.635754808982213 hours 
l_NEW: 0.0, l_JD : 0.06, l_FMD: 0.0, l_MSE: 1.0, d_penalty: 0.0,step:15, L: 2, z_dim: 1, bs: 64, bit_rate: 2, s_b: False
| EPOCH |      PLF-JD     |      PLF-FMD    |      PLF-NEW    |      MSE        |
   1   2.4727272987365723 0 0 0.030338017269968987
   10   2.312936544418335 0 0 0.029822124168276787
   20   2.3284080028533936 0 0 0.02929352968931198
   30   2.2557404041290283 0 0 0.03007107973098755
   40   2.290238618850708 0 0 0.03106403537094593
   50   2.256348133087158 0 0 0.029744800180196762
   60   2.184788703918457 0 0 0.029554428532719612
   70   2.1619389057159424 0 0 0.031569503247737885
   80   2.1805477142333984 0 0 0.030389660969376564
   90   2.1120221614837646 0 0 0.0299701951444149
   100   2.060309886932373 0 0 0.03095812350511551
   110   1.9951286315917969 0 0 0.029983039945364
   120   1.9948965311050415 0 0 0.030713221058249474
   130   1.9677034616470337 0 0 0.030949870124459267
   140   1.9224382638931274 0 0 0.032273001968860626
   150   1.9045846462249756 0 0 0.03218570351600647
Total Training Time: 6.448373479445776 hours 
l_NEW: 0.0, l_JD : 0.06, l_FMD: 0.0, l_MSE: 1.0, d_penalty: 0.0,step:15, L: 2, z_dim: 1, bs: 64, bit_rate: 2, s_b: False
| EPOCH |      PLF-JD     |      PLF-FMD    |      PLF-NEW    |      MSE        |
   1   1.8504929542541504 0 0 0.031381189823150635
   10   1.7899852991104126 0 0 0.03225922957062721
   20   1.7653892040252686 0 0 0.032053325325250626
   30   1.7203196287155151 0 0 0.03144364431500435
   40   1.6997618675231934 0 0 0.03130502998828888
   50   1.5862092971801758 0 0 0.03193531185388565
   60   1.601338505744934 0 0 0.031759656965732574
   70   1.6123690605163574 0 0 0.03241835907101631
   80   1.502617359161377 0 0 0.03196340799331665
   90   1.4931796789169312 0 0 0.03224150091409683
   100   1.4584593772888184 0 0 0.031214123591780663
   110   1.3978803157806396 0 0 0.03214640915393829
   120   1.3626950979232788 0 0 0.031246529892086983
   130   1.3685773611068726 0 0 0.031156565994024277
   140   1.3838088512420654 0 0 0.0317191518843174
   150   1.3397735357284546 0 0 0.031552933156490326
Total Training Time: 6.453506729669041 hours 
