l_NEW: 0.0, l_JD : 0.05, l_FMD: 0.0, l_MSE: 1.0,step: 20, d_penalty: 0.0, L: 2, z_dim: 1-4, bs: 64, dataset: mmnist_4_axis_random_sample_step
| EPOCH |      PLF-JD     |      PLF-FMD    |      PLF-NEW    |      MSE        |
   1   9.069197654724121 0 0 0.019205661490559578
   10   5.28432559967041 0 0 0.029374882578849792
   20   5.874695301055908 0 0 0.02936185896396637
   30   5.739274024963379 0 0 0.030840948224067688
   40   6.278393745422363 0 0 0.02940901182591915
   50   6.275231838226318 0 0 0.029706360772252083
   60   6.195486068725586 0 0 0.028723420575261116
   70   6.164541721343994 0 0 0.030516773462295532
   80   6.235432147979736 0 0 0.02964075468480587
   90   6.222904205322266 0 0 0.031133899465203285
   100   6.172425270080566 0 0 0.031961482018232346
   110   6.116767883300781 0 0 0.028937797993421555
   120   6.087873935699463 0 0 0.029426569119095802
   130   6.2701921463012695 0 0 0.03050021454691887
   140   6.239989280700684 0 0 0.030992383137345314
   150   6.210646152496338 0 0 0.030015263706445694
   160   6.151472568511963 0 0 0.029018616303801537
   170   6.315644264221191 0 0 0.03146858140826225
   180   6.175462245941162 0 0 0.031606275588274
   190   6.309151649475098 0 0 0.03013482689857483
   200   6.233545780181885 0 0 0.028425656259059906
   210   6.31776762008667 0 0 0.030768457800149918
   220   6.2015156745910645 0 0 0.03096330724656582
   230   6.300670146942139 0 0 0.03002816066145897
   240   6.36616849899292 0 0 0.02951165661215782
   250   6.305259704589844 0 0 0.030392620712518692
   260   6.193696975708008 0 0 0.030703743919730186
   270   6.342066287994385 0 0 0.030494308099150658
   280   6.477846622467041 0 0 0.030301282182335854
   290   6.319249629974365 0 0 0.03038681298494339
   300   6.416072845458984 0 0 0.0309775210916996
   310   6.3607563972473145 0 0 0.03088240511715412
   320   6.446597576141357 0 0 0.029348453506827354
   330   6.552112579345703 0 0 0.028925389051437378
   340   6.447742938995361 0 0 0.029807956889271736
   350   6.631105422973633 0 0 0.029475191608071327
   360   6.404014587402344 0 0 0.03000464290380478
   370   6.46344518661499 0 0 0.029729923233389854
   380   6.5163469314575195 0 0 0.028816765174269676
   390   6.460954189300537 0 0 0.029994167387485504
