l_NEW: 0.0, l_JD : 0.04, l_FMD: 0.0, l_MSE: 1.0, d_penalty: 0.0,step:20, L: 2, z_dim: 1, bs: 64, bit_rate: 2, s_b: False, dataset:mmnist_4_axis_random_sample_step
| EPOCH |      PLF-JD     |      PLF-FMD    |      PLF-NEW    |      MSE        |
   1   4.564548015594482 0 0 0.028435301035642624
   10   3.81878924369812 0 0 0.03188200294971466
   20   3.3232030868530273 0 0 0.0328252948820591
   30   3.01552677154541 0 0 0.03239070996642113
   40   2.8587801456451416 0 0 0.03386366367340088
   50   2.601886749267578 0 0 0.03407974913716316
   60   2.580535650253296 0 0 0.03411468118429184
   70   2.4375526905059814 0 0 0.03472225368022919
   80   2.3425190448760986 0 0 0.03481880947947502
   90   2.38993501663208 0 0 0.03442928194999695
   100   2.4507205486297607 0 0 0.03460731729865074
   110   2.3750057220458984 0 0 0.034479398280382156
   120   2.409611701965332 0 0 0.034887075424194336
   130   2.4119184017181396 0 0 0.0340600349009037
   140   2.451051950454712 0 0 0.034242983907461166
   150   2.43528151512146 0 0 0.034051936119794846
   160   2.4216113090515137 0 0 0.03450712561607361
   170   2.3933777809143066 0 0 0.03503233566880226
   180   2.343409299850464 0 0 0.03529345244169235
   190   2.285130262374878 0 0 0.03510246425867081
   200   2.3289883136749268 0 0 0.03487773984670639
   210   2.304964542388916 0 0 0.035507362335920334
   220   2.292266845703125 0 0 0.03454422205686569
   230   2.172205924987793 0 0 0.03541826084256172
   240   2.1921255588531494 0 0 0.03452402725815773
   250   2.145371675491333 0 0 0.034608133137226105
   260   2.1818885803222656 0 0 0.034822117537260056
   270   2.1003124713897705 0 0 0.034407708793878555
   280   2.045478582382202 0 0 0.03435651212930679
   290   2.0765979290008545 0 0 0.03510100021958351
   300   2.0907576084136963 0 0 0.03495398536324501
   310   2.0105714797973633 0 0 0.03498244285583496
   320   2.0655593872070312 0 0 0.03459225222468376
l_NEW: 0.0, l_JD : 0.04, l_FMD: 0.0, l_MSE: 1.0, d_penalty: 0.0,step:20, L: 2, z_dim: 1, bs: 64, bit_rate: 2, s_b: False, dataset:mmnist_4_axis_random_sample_step
| EPOCH |      PLF-JD     |      PLF-FMD    |      PLF-NEW    |      MSE        |
   1   2.0948896408081055 0 0 0.034466102719306946
   10   2.017221212387085 0 0 0.035018086433410645
   20   1.9131847620010376 0 0 0.03546752408146858
   30   1.9341448545455933 0 0 0.035345397889614105
   40   1.899399995803833 0 0 0.035036686807870865
   50   1.9218543767929077 0 0 0.03474588319659233
   60   1.8708597421646118 0 0 0.035231128334999084
   70   1.8339322805404663 0 0 0.03429381921887398
   80   1.8074657917022705 0 0 0.03471643850207329
   90   1.7976462841033936 0 0 0.03567714989185333
   100   1.8062617778778076 0 0 0.03525134176015854
   110   1.7487123012542725 0 0 0.03564321994781494
   120   1.673384189605713 0 0 0.035115957260131836
   130   1.720538854598999 0 0 0.0353146567940712
   140   1.6854556798934937 0 0 0.035870131105184555
   150   1.741653323173523 0 0 0.03580605983734131
   160   1.6178061962127686 0 0 0.035383258014917374
   170   1.7000586986541748 0 0 0.03593050688505173
   180   1.6466315984725952 0 0 0.0353153795003891
   190   1.5763026475906372 0 0 0.03479160740971565
   200   1.5574545860290527 0 0 0.03569388389587402
   210   1.5456582307815552 0 0 0.03553779050707817
   220   1.5458874702453613 0 0 0.035263363271951675
   230   1.4441053867340088 0 0 0.03534417971968651
   240   1.5097908973693848 0 0 0.03472819924354553
   250   1.476315975189209 0 0 0.035695817321538925
   260   1.5377322435379028 0 0 0.03541456535458565
   270   1.4484683275222778 0 0 0.03520805761218071
   280   1.4357472658157349 0 0 0.03539491072297096
   290   1.406206488609314 0 0 0.03554998338222504
   300   1.419363260269165 0 0 0.036096781492233276
Total Training Time: 7.303278135326174 hours 
