l_NEW: 0.0, l_JD : 0.002, l_FMD: 0.0, l_MSE: 1.0, d_penalty: 0.0, L: 2, z_dim: 8, bs: 64
| EPOCH |      PLF-JD     |      PLF-FMD    |      PLF-NEW    |      MSE        |
l_NEW: 0.0, l_JD : 0.002, l_FMD: 0.0, l_MSE: 1.0, d_penalty: 0.0, L: 2, z_dim: 8, bs: 64
| EPOCH |      PLF-JD     |      PLF-FMD    |      PLF-NEW    |      MSE        |
   1   4.850240230560303 0 0 0.009581372141838074
   10   4.48661994934082 0 0 0.010214735753834248
   20   4.479522228240967 0 0 0.010346916504204273
   30   4.53947114944458 0 0 0.010371842421591282
   40   4.5341572761535645 0 0 0.0105207534506917
   50   4.62086296081543 0 0 0.010510999709367752
   60   4.579855442047119 0 0 0.01061816606670618
   70   4.549749374389648 0 0 0.010669130831956863
   80   4.500329494476318 0 0 0.01064029149711132
   90   4.537015914916992 0 0 0.010683535598218441
   100   4.530140399932861 0 0 0.010600767098367214
   110   4.533057689666748 0 0 0.010584624484181404
   120   4.51507043838501 0 0 0.010711022652685642
   130   4.586739540100098 0 0 0.0106236282736063
   140   4.472676753997803 0 0 0.01077187992632389
   150   4.544670104980469 0 0 0.010745896957814693
   160   4.519693851470947 0 0 0.010733174160122871
   170   4.557903289794922 0 0 0.010668657720088959
   180   4.502970218658447 0 0 0.010674401186406612
   190   4.487560749053955 0 0 0.010672833770513535
   200   4.499515056610107 0 0 0.01067945547401905
   210   4.4962687492370605 0 0 0.01069117896258831
   220   4.481942653656006 0 0 0.010767798870801926
   230   4.540443420410156 0 0 0.010641125962138176
   240   4.453981876373291 0 0 0.01072052400559187
l_NEW: 0.0, l_JD : 0.002, l_FMD: 0.0, l_MSE: 1.0, d_penalty: 0.0, L: 2, z_dim: 8, bs: 64
| EPOCH |      PLF-JD     |      PLF-FMD    |      PLF-NEW    |      MSE        |
   1   4.518014907836914 0 0 0.010801486670970917
   10   4.491811752319336 0 0 0.010789063759148121
   20   4.46473503112793 0 0 0.010722992941737175
   30   4.515888690948486 0 0 0.010733586736023426
   40   4.536498069763184 0 0 0.01060424279421568
   50   4.505551338195801 0 0 0.010693514719605446
   60   4.423702239990234 0 0 0.010788499377667904
Total Training Time: 2.9948745469252267 hours 
