l_NEW: 0.0, l_JD : 0.05, l_FMD: 0.0, l_MSE: 1.0, d_penalty: 0.0,step:[11, 5], L: 2, z_dim: 1, bs: 64, bit_rate: 2, s_b: False
| EPOCH |      PLF-JD     |      PLF-FMD    |      PLF-NEW    |      MSE        |
   1   2.201231002807617 0 0 0.029735231772065163
   10   2.2093522548675537 0 0 0.03468059003353119
   20   1.8196659088134766 0 0 0.03396119922399521
   30   1.5954430103302002 0 0 0.034805938601493835
   40   1.461585521697998 0 0 0.03589843586087227
   50   1.4224010705947876 0 0 0.03560568392276764
   60   1.4871219396591187 0 0 0.03534374013543129
   70   1.6337885856628418 0 0 0.03615241497755051
   80   1.5441912412643433 0 0 0.03576182201504707
   90   1.794777750968933 0 0 0.03630819171667099
   100   1.437740445137024 0 0 0.03635803982615471
   110   1.4530086517333984 0 0 0.03591454029083252
   120   1.7787835597991943 0 0 0.03626304492354393
   130   1.4256274700164795 0 0 0.0369093082845211
   140   1.6305899620056152 0 0 0.03651672974228859
   150   1.4005616903305054 0 0 0.036526285111904144
   160   1.638754963874817 0 0 0.03746110200881958
   170   1.395559310913086 0 0 0.03658074885606766
   180   1.3075286149978638 0 0 0.037386443465948105
   190   1.2820239067077637 0 0 0.03688900172710419
   200   1.4080983400344849 0 0 0.036900587379932404
   210   1.2758351564407349 0 0 0.03721900284290314
   220   1.318840503692627 0 0 0.03649664670228958
   230   1.3499144315719604 0 0 0.03640701249241829
   240   1.3794323205947876 0 0 0.03758188337087631
   250   1.228440284729004 0 0 0.03794921562075615
   260   1.2014182806015015 0 0 0.03718295693397522
   270   1.253236174583435 0 0 0.03738684207201004
   280   1.2218087911605835 0 0 0.03706730902194977
   290   1.1832081079483032 0 0 0.03762592002749443
   300   1.1871297359466553 0 0 0.03813957795500755
Total Training Time: 7.215589995649125 hours 
l_NEW: 0.0, l_JD : 0.05, l_FMD: 0.0, l_MSE: 1.0, d_penalty: 0.0,step:[11, 5], L: 2, z_dim: 1, bs: 64, bit_rate: 2, s_b: False
| EPOCH |      PLF-JD     |      PLF-FMD    |      PLF-NEW    |      MSE        |
   1   0.08328104019165039 0 0 0.036833975464105606
   10   0.4088672697544098 0 0 0.036909814924001694
   20   0.4722006320953369 0 0 0.036435868591070175
   30   0.3947329819202423 0 0 0.0355178639292717
   40   0.6280307173728943 0 0 0.03608386963605881
   50   0.6421669721603394 0 0 0.03737829253077507
   60   0.6088418960571289 0 0 0.037332452833652496
   70   0.813042163848877 0 0 0.038306061178445816
   80   0.7375465035438538 0 0 0.037089861929416656
   90   0.8538988828659058 0 0 0.03689422458410263
   100   0.7569595575332642 0 0 0.036833979189395905
   110   0.8295673727989197 0 0 0.037487320601940155
   120   0.7505597472190857 0 0 0.037741683423519135
   130   0.8751805424690247 0 0 0.038076870143413544
   140   0.8707506060600281 0 0 0.0381484180688858
   150   0.8565047979354858 0 0 0.037807952612638474
Total Training Time: 3.6147667060295743 hours 
