l_NEW: 0.0, l_JD : 0.08, l_FMD: 0.0, l_MSE: 1.0, d_penalty: 0.0,step:20, L: 2, z_dim: 1, bs: 64, bit_rate: 2, s_b: False, dataset:mmnist_4_axis_random_sample_step
| EPOCH |      PLF-JD     |      PLF-FMD    |      PLF-NEW    |      MSE        |
   1   4.476805686950684 0 0 0.031188244000077248
   10   3.99350643157959 0 0 0.033502209931612015
   20   3.4079020023345947 0 0 0.03350263088941574
   30   3.3668532371520996 0 0 0.03399230167269707
   40   2.8993430137634277 0 0 0.034599799662828445
   50   2.8228352069854736 0 0 0.034767113626003265
   60   2.478888750076294 0 0 0.036320481449365616
   70   2.45078706741333 0 0 0.034970883280038834
   80   2.36771559715271 0 0 0.03542031720280647
   90   2.4007580280303955 0 0 0.03555241972208023
   100   2.3624839782714844 0 0 0.03587520495057106
   110   2.4052464962005615 0 0 0.036286793649196625
   120   2.3745341300964355 0 0 0.035402148962020874
   130   2.4027676582336426 0 0 0.034504570066928864
   140   2.4450626373291016 0 0 0.03439061716198921
   150   2.314213991165161 0 0 0.034997571259737015
   160   2.351553440093994 0 0 0.034535814076662064
   170   2.321333408355713 0 0 0.03486040234565735
   180   2.3143720626831055 0 0 0.036346882581710815
   190   2.2795073986053467 0 0 0.03625192120671272
   200   2.2748184204101562 0 0 0.03588953614234924
   210   2.2382867336273193 0 0 0.03557305037975311
   220   2.279181480407715 0 0 0.03588027134537697
   230   2.1516573429107666 0 0 0.03561757877469063
   240   2.0995051860809326 0 0 0.03544490039348602
   250   2.1456079483032227 0 0 0.035685379058122635
   260   2.102668285369873 0 0 0.03570978343486786
   270   2.093493700027466 0 0 0.03644038736820221
   280   2.0030629634857178 0 0 0.03583909198641777
   290   2.052603244781494 0 0 0.03550267219543457
   300   2.061676025390625 0 0 0.03582271188497543
   310   1.9527024030685425 0 0 0.03607568517327309
   320   2.004879951477051 0 0 0.036252040416002274
   330   1.9350658655166626 0 0 0.03646551072597504
l_NEW: 0.0, l_JD : 0.08, l_FMD: 0.0, l_MSE: 1.0, d_penalty: 0.0,step:20, L: 2, z_dim: 1, bs: 64, bit_rate: 2, s_b: False, dataset:mmnist_4_axis_random_sample_step
| EPOCH |      PLF-JD     |      PLF-FMD    |      PLF-NEW    |      MSE        |
   1   1.9612436294555664 0 0 0.03694356232881546
   10   1.9396367073059082 0 0 0.03638429939746857
   20   1.85061776638031 0 0 0.03636910021305084
   30   1.887241244316101 0 0 0.03665979206562042
   40   1.8121659755706787 0 0 0.03645879030227661
   50   1.8236103057861328 0 0 0.037074778228998184
   60   1.778012752532959 0 0 0.03682786971330643
   70   1.77060866355896 0 0 0.037230346351861954
   80   1.7448607683181763 0 0 0.03652813658118248
   90   1.7142918109893799 0 0 0.037083886563777924
   100   1.6931629180908203 0 0 0.03689626604318619
   110   1.6579219102859497 0 0 0.03708038106560707
   120   1.648130178451538 0 0 0.03659578040242195
   130   1.5964823961257935 0 0 0.03676791861653328
   140   1.651182770729065 0 0 0.036109548062086105
   150   1.6840311288833618 0 0 0.03637014701962471
   160   1.5987236499786377 0 0 0.036603301763534546
   170   1.5741115808486938 0 0 0.03577393293380737
   180   1.5789347887039185 0 0 0.03567042574286461
   190   1.587289571762085 0 0 0.03607013821601868
   200   1.5280410051345825 0 0 0.03714560344815254
   210   1.5122013092041016 0 0 0.036249272525310516
   220   1.52266526222229 0 0 0.03666757419705391
   230   1.4713164567947388 0 0 0.03691831976175308
   240   1.468281626701355 0 0 0.03665579482913017
   250   1.4377847909927368 0 0 0.03672177344560623
   260   1.4827712774276733 0 0 0.03694663196802139
   270   1.3823357820510864 0 0 0.03702040761709213
   280   1.40053391456604 0 0 0.03808824345469475
   290   1.3523023128509521 0 0 0.0374506451189518
   300   1.353271484375 0 0 0.03697160258889198
Total Training Time: 7.203762269086308 hours 
l_NEW: 0.0, l_JD : 0.08, l_FMD: 0.0, l_MSE: 1.0, d_penalty: 0.0,step:20, L: 2, z_dim: 1, bs: 64, bit_rate: 2, s_b: False, dataset:mmnist_4_axis_random_sample_step
| EPOCH |      PLF-JD     |      PLF-FMD    |      PLF-NEW    |      MSE        |
   1   1.3756176233291626 0 0 0.037142444401979446
   10   1.3398419618606567 0 0 0.03757547587156296
   20   1.419067621231079 0 0 0.036681532859802246
   30   1.3584251403808594 0 0 0.03686903417110443
   40   1.3282352685928345 0 0 0.036850716918706894
   50   1.4255497455596924 0 0 0.03767623379826546
   60   1.4438235759735107 0 0 0.03768971562385559
   70   1.2808284759521484 0 0 0.037432871758937836
   80   1.2991456985473633 0 0 0.038143593817949295
   90   1.2676985263824463 0 0 0.03757593780755997
   100   1.295421838760376 0 0 0.03802292421460152
   110   1.2719167470932007 0 0 0.03754742443561554
   120   1.2290012836456299 0 0 0.0378958024084568
   130   1.2642407417297363 0 0 0.0378400981426239
   140   1.2499184608459473 0 0 0.03799468278884888
   150   1.2293577194213867 0 0 0.0385991632938385
   160   1.2191400527954102 0 0 0.037676628679037094
   170   1.2344740629196167 0 0 0.03804134950041771
   180   1.1967757940292358 0 0 0.0375794917345047
   190   1.1893707513809204 0 0 0.03825923055410385
   200   1.1825083494186401 0 0 0.038453854620456696
   210   1.126920223236084 0 0 0.03798620030283928
   220   1.1623547077178955 0 0 0.03780724108219147
   230   1.1661665439605713 0 0 0.03754360228776932
   240   1.121027946472168 0 0 0.03766128793358803
   250   1.1341968774795532 0 0 0.03753945603966713
   260   1.1476373672485352 0 0 0.03802928701043129
   270   1.118381381034851 0 0 0.03795140981674194
   280   1.1139280796051025 0 0 0.03748612105846405
   290   1.1026629209518433 0 0 0.037743233144283295
   300   1.0920898914337158 0 0 0.03680674731731415
Total Training Time: 7.366735023193889 hours 
l_NEW: 0.0, l_JD : 0.08, l_FMD: 0.0, l_MSE: 1.0, d_penalty: 0.0,step:20, L: 2, z_dim: 1, bs: 64, bit_rate: 2, s_b: False, dataset:mmnist_4_axis_random_sample_step
| EPOCH |      PLF-JD     |      PLF-FMD    |      PLF-NEW    |      MSE        |
   1   1.1026849746704102 0 0 0.03741948679089546
   10   1.0919115543365479 0 0 0.03799785301089287
   20   1.0854997634887695 0 0 0.03822728991508484
   30   1.0723531246185303 0 0 0.03736181557178497
   40   1.0550999641418457 0 0 0.03780866414308548
   50   1.0818989276885986 0 0 0.037256814539432526
   60   1.0981420278549194 0 0 0.03759239241480827
   70   1.0563814640045166 0 0 0.03762790933251381
   80   1.079465389251709 0 0 0.037764981389045715
   90   1.0883219242095947 0 0 0.03708783909678459
   100   1.0226494073867798 0 0 0.037373803555965424
   110   1.038264513015747 0 0 0.037313833832740784
   120   0.994208037853241 0 0 0.037545088678598404
   130   0.9798488616943359 0 0 0.037739552557468414
   140   1.024850845336914 0 0 0.03782237321138382
   150   1.052329421043396 0 0 0.03760376572608948
   160   1.0317118167877197 0 0 0.037505608052015305
   170   1.0365484952926636 0 0 0.03747047111392021
   180   0.9924713969230652 0 0 0.03779638558626175
   190   0.9846029281616211 0 0 0.03803405165672302
   200   1.0159040689468384 0 0 0.03816792368888855
   210   1.0733457803726196 0 0 0.03762788325548172
   220   0.9881733059883118 0 0 0.03847155719995499
   230   0.9815198183059692 0 0 0.037889037281274796
   240   1.002828598022461 0 0 0.03774318844079971
   250   0.998857855796814 0 0 0.037727151066064835
   260   1.0143593549728394 0 0 0.03739195689558983
   270   1.0003150701522827 0 0 0.03713991120457649
   280   0.9651368856430054 0 0 0.03765301778912544
   290   0.9595995545387268 0 0 0.0379071906208992
   300   0.9550355672836304 0 0 0.03706895560026169
Total Training Time: 7.190360680818558 hours 
l_NEW: 0.0, l_JD : 0.08, l_FMD: 0.0, l_MSE: 1.0, d_penalty: 0.0,step:20, L: 2, z_dim: 1, bs: 64, bit_rate: 2, s_b: False, dataset:mmnist_4_axis_random_sample_step
| EPOCH |      PLF-JD     |      PLF-FMD    |      PLF-NEW    |      MSE        |
   1   0.9638122320175171 0 0 0.037969641387462616
   10   0.9687088131904602 0 0 0.037886880338191986
   20   0.9560902714729309 0 0 0.03742590919137001
   30   0.9814552068710327 0 0 0.03795310854911804
   40   0.9770850539207458 0 0 0.038615573197603226
   50   0.9174627065658569 0 0 0.03785034641623497
   60   0.9420830011367798 0 0 0.03789534047245979
   70   0.9340119957923889 0 0 0.038203008472919464
   80   0.9130034446716309 0 0 0.038708869367837906
   90   0.937545895576477 0 0 0.03840698301792145
   100   0.9815362691879272 0 0 0.03824935853481293
   110   0.8993877172470093 0 0 0.03784797340631485
   120   0.9264960885047913 0 0 0.03796803578734398
   130   0.9180171489715576 0 0 0.03841128200292587
   140   0.9167381525039673 0 0 0.03803509473800659
   150   0.9140884280204773 0 0 0.03766903281211853
   160   0.901796281337738 0 0 0.038013383746147156
   170   0.895673394203186 0 0 0.038272518664598465
   180   0.8991798162460327 0 0 0.03824997320771217
   190   0.8894026875495911 0 0 0.038488131016492844
   200   0.8979296684265137 0 0 0.038107868283987045
   210   0.8608836531639099 0 0 0.03727952763438225
   220   0.8725112080574036 0 0 0.038334839046001434
   230   0.8690731525421143 0 0 0.037939101457595825
   240   0.8267269730567932 0 0 0.038324736058712006
   250   0.8482095003128052 0 0 0.038065485656261444
   260   0.8693510890007019 0 0 0.03816644847393036
   270   0.8399838209152222 0 0 0.038190726190805435
   280   0.8899018168449402 0 0 0.03816451504826546
   290   0.8359419703483582 0 0 0.038660481572151184
   300   0.887106716632843 0 0 0.038073956966400146
Total Training Time: 7.152350671291352 hours 
l_NEW: 0.0, l_JD : 0.08, l_FMD: 0.0, l_MSE: 1.0, d_penalty: 0.0,step:20, L: 2, z_dim: 1, bs: 64, bit_rate: 2, s_b: False, dataset:mmnist_4_axis_random_sample_step
| EPOCH |      PLF-JD     |      PLF-FMD    |      PLF-NEW    |      MSE        |
   1   2.3202266693115234 0 0 0.03805723413825035
   10   1.803533911705017 0 0 0.03868971765041351
   20   1.5479682683944702 0 0 0.037676114588975906
   30   1.5298516750335693 0 0 0.03951910883188248
   40   1.3678739070892334 0 0 0.03946192190051079
   50   1.284348964691162 0 0 0.038864023983478546
   60   1.24690580368042 0 0 0.03878002241253853
   70   1.5046740770339966 0 0 0.040171027183532715
   80   1.45017409324646 0 0 0.03990853205323219
   90   1.3521648645401 0 0 0.038916945457458496
   100   1.3292515277862549 0 0 0.03929159790277481
   110   1.284138560295105 0 0 0.039711445569992065
   120   1.4165221452713013 0 0 0.0402940958738327
   130   1.1961631774902344 0 0 0.03789582848548889
   140   1.2169950008392334 0 0 0.03811478987336159
   150   1.1467360258102417 0 0 0.03858466073870659
   160   1.0601060390472412 0 0 0.0397169291973114
   170   1.085023283958435 0 0 0.03847794234752655
   180   1.0174564123153687 0 0 0.04010320082306862
   190   1.030678391456604 0 0 0.04004214331507683
   200   1.21719491481781 0 0 0.038684699684381485
   210   1.1415971517562866 0 0 0.04016771540045738
   220   1.0911413431167603 0 0 0.039898473769426346
   230   1.1433861255645752 0 0 0.03904304280877113
   240   1.0368916988372803 0 0 0.03950510919094086
   250   1.0453466176986694 0 0 0.039125893265008926
   260   1.0342971086502075 0 0 0.03992905095219612
   270   0.9183356761932373 0 0 0.040213633328676224
   280   0.9317145347595215 0 0 0.040355291217565536
   290   0.9272212982177734 0 0 0.040026549249887466
   300   0.8707554340362549 0 0 0.039323724806308746
Total Training Time: 7.230741551054849 hours 
