l_PN, l_P, l_MSE, d_penalty  0.0 0.0 1.0 0.0
| EPOCH | PLF-JD | PLF-FMD | PLF-NEW | MSE |
l_PN, l_P, l_MSE, d_penalty  0.0 0.0 1.0 0.0
| EPOCH | PLF-JD | PLF-FMD | PLF-NEW | MSE |
1 5.1241254806518555 1.0435304641723633 1.984580397605896 0.018607541918754578
10 5.285526752471924 0.9902469515800476 1.9728949069976807 0.019084792584180832
20 5.270415782928467 0.9775778651237488 2.072521924972534 0.018981192260980606
30 5.135421276092529 0.9520139098167419 2.044283866882324 0.01864325813949108
40 5.263942241668701 0.9260837435722351 2.112515449523926 0.018813565373420715
50 5.309133052825928 0.894611656665802 2.0375688076019287 0.01917184330523014
60 5.247674465179443 0.9389169812202454 2.1791436672210693 0.01899111270904541
70 5.267083168029785 0.9008907675743103 2.2467129230499268 0.019284317269921303
80 5.337704181671143 0.8872383832931519 2.3015081882476807 0.019138459116220474
Total Training Time: 7.138142696486579 hours 
l_PN, l_P, l_MSE, d_penalty  0.0 0.0 1.0 0.0
| EPOCH | PLF-JD | PLF-FMD | PLF-NEW | MSE |
1 5.335251331329346 0.8996680974960327 2.2964813709259033 0.01945541240274906
10 5.307897090911865 0.8851712346076965 2.1728222370147705 0.019308311864733696
20 5.317328453063965 0.8508837819099426 2.2909884452819824 0.01932874135673046
30 5.347125053405762 0.8369570374488831 2.2163166999816895 0.018892725929617882
40 5.304863452911377 0.8327251672744751 2.3368122577667236 0.01956639066338539
50 5.262286186218262 0.8243907690048218 2.345411777496338 0.01918765902519226
60 5.331166744232178 0.8359283804893494 2.3998491764068604 0.01908721961081028
70 5.243831157684326 0.7865448594093323 2.396815776824951 0.019590875133872032
80 5.355018615722656 0.7927587032318115 2.401597738265991 0.01949925161898136
Total Training Time: 7.244607719712787 hours 
