l_NEW: 0.0, l_JD : 0.01, l_FMD: 0.0, l_MSE: 1.0, d_penalty: 0.0, L: 2, z_dim: 4, bs: 64
| EPOCH |      PLF-JD     |      PLF-FMD    |      PLF-NEW    |      MSE        |
   1   2.9323863983154297 0 0 0.01785072684288025
   10   2.02885365486145 0 0 0.02005576714873314
   20   1.7977601289749146 0 0 0.0211186483502388
   30   1.7128350734710693 0 0 0.021475959569215775
   40   1.7129377126693726 0 0 0.02136867679655552
   50   1.5723164081573486 0 0 0.021595804020762444
   60   1.5883419513702393 0 0 0.021384423598647118
   70   1.5127664804458618 0 0 0.021727874875068665
   80   1.534759521484375 0 0 0.021651513874530792
   90   1.5039777755737305 0 0 0.0216043870896101
   100   1.5380905866622925 0 0 0.02109890803694725
   110   1.4622652530670166 0 0 0.02135113999247551
   120   1.4656811952590942 0 0 0.02142711915075779
   130   1.4073522090911865 0 0 0.02162710390985012
   140   1.4424364566802979 0 0 0.021408066153526306
   150   1.4387749433517456 0 0 0.0213822852820158
Total Training Time: 7.32795872926712 hours 
l_NEW: 0.0, l_JD : 0.01, l_FMD: 0.0, l_MSE: 1.0, d_penalty: 0.0, L: 2, z_dim: 4, bs: 64
| EPOCH |      PLF-JD     |      PLF-FMD    |      PLF-NEW    |      MSE        |
   1   1.3947932720184326 0 0 0.021433206275105476
