l_NEW: 0.0, l_JD : 0.001, l_FMD: 0.0, l_MSE: 1.0, d_penalty: 0.0,step:[11, 5], L: 2, z_dim: 1, bs: 64, bit_rate: 2, s_b: False
| EPOCH |      PLF-JD     |      PLF-FMD    |      PLF-NEW    |      MSE        |
   1   5.554446697235107 0 0 0.015900807455182076
   10   7.103943824768066 0 0 0.015780672430992126
   20   7.46808385848999 0 0 0.015871161594986916
   30   7.335779666900635 0 0 0.01583210751414299
   40   7.358152389526367 0 0 0.015981437638401985
   50   7.4654083251953125 0 0 0.015811314806342125
   60   7.69566011428833 0 0 0.01593751832842827
   70   7.539685249328613 0 0 0.01597258448600769
   80   7.887194633483887 0 0 0.015800533816218376
   90   7.589811325073242 0 0 0.01596907712519169
   100   7.608401775360107 0 0 0.01586957462131977
   110   7.870737075805664 0 0 0.015906142070889473
   120   7.508288383483887 0 0 0.015892304480075836
   130   7.648142337799072 0 0 0.015831878408789635
   140   7.828489303588867 0 0 0.015826888382434845
   150   7.6553215980529785 0 0 0.015899937599897385
   160   7.477363586425781 0 0 0.01601720228791237
   170   7.158524036407471 0 0 0.01605110988020897
   180   7.515547275543213 0 0 0.016014253720641136
   190   7.345159530639648 0 0 0.015928443521261215
   200   7.419463634490967 0 0 0.015980027616024017
   210   7.671147346496582 0 0 0.015878289937973022
   220   7.375156879425049 0 0 0.015908561646938324
   230   7.331367492675781 0 0 0.016044672578573227
   240   7.395440578460693 0 0 0.016059761866927147
   250   7.426610946655273 0 0 0.015969568863511086
   260   7.342041492462158 0 0 0.016072776168584824
   270   7.628174781799316 0 0 0.01599127985537052
   280   7.27323055267334 0 0 0.01603427715599537
   290   7.607876777648926 0 0 0.01598709262907505
   300   7.700514316558838 0 0 0.016226328909397125
   310   7.39949893951416 0 0 0.016116468235850334
   320   7.486093044281006 0 0 0.016340427100658417
   330   7.6376848220825195 0 0 0.01617562770843506
   340   7.362258434295654 0 0 0.01632021553814411
   350   7.456340312957764 0 0 0.01634090766310692
   360   7.715914249420166 0 0 0.016185348853468895
   370   7.525485515594482 0 0 0.016263529658317566
   380   7.70444393157959 0 0 0.01621844992041588
   390   7.573148727416992 0 0 0.016176242381334305
   400   7.412467002868652 0 0 0.016232917085289955
   410   7.51730489730835 0 0 0.016171054914593697
   420   7.784634113311768 0 0 0.016131015494465828
   430   7.37777042388916 0 0 0.016208766028285027
   440   7.544568061828613 0 0 0.01619032211601734
   450   7.550676345825195 0 0 0.016114166006445885
Total Training Time: 10.891868171095847 hours 
