l_NEW: 0.0, l_JD : 0.01, l_FMD: 0.0, l_MSE: 1.0, d_penalty: 0.0,step:[11, 5], L: 2, z_dim: 1, bs: 64, bit_rate: 2, s_b: False, dataset:mmnist_unidir_4_axis_random
| EPOCH |      PLF-JD     |      PLF-FMD    |      PLF-NEW    |      MSE        |
   1   3.6708199977874756 0 0 0.025794317945837975
   10   3.805065870285034 0 0 0.025511112064123154
   20   3.273418664932251 0 0 0.026727966964244843
   30   3.046611785888672 0 0 0.027174631133675575
   40   2.7913944721221924 0 0 0.027820929884910583
   50   2.7730982303619385 0 0 0.027899092063307762
   60   2.7824318408966064 0 0 0.028389014303684235
   70   2.9276821613311768 0 0 0.027881210669875145
   80   2.975360870361328 0 0 0.02808358147740364
   90   3.198094367980957 0 0 0.027484003454446793
   100   3.2805938720703125 0 0 0.02730931155383587
   110   3.2981741428375244 0 0 0.027174215763807297
   120   3.5619664192199707 0 0 0.02709047682583332
   130   3.5806243419647217 0 0 0.026669753715395927
   140   3.803227663040161 0 0 0.027098745107650757
   150   3.8067312240600586 0 0 0.026693619787693024
   160   3.9088265895843506 0 0 0.026304883882403374
   170   3.9258620738983154 0 0 0.026375126093626022
   180   4.018677711486816 0 0 0.02608179673552513
   190   3.9191958904266357 0 0 0.026627033948898315
   200   3.9509780406951904 0 0 0.02665354311466217
   210   3.8518903255462646 0 0 0.026614388450980186
   220   3.89443039894104 0 0 0.026563581079244614
   230   3.718322277069092 0 0 0.026505660265684128
   240   3.6744887828826904 0 0 0.026684030890464783
   250   3.714113473892212 0 0 0.027469631284475327
   260   3.5155210494995117 0 0 0.026942282915115356
   270   3.561509132385254 0 0 0.02769346721470356
   280   3.6193010807037354 0 0 0.027679113671183586
   290   3.5212035179138184 0 0 0.02824060618877411
   300   3.4841384887695312 0 0 0.027581345289945602
   310   3.357776403427124 0 0 0.027822865173220634
   320   3.330230474472046 0 0 0.028125783428549767
   330   3.2763121128082275 0 0 0.028328875079751015
   340   3.2011470794677734 0 0 0.028112083673477173
   350   3.258836269378662 0 0 0.027817094698548317
   360   3.183732271194458 0 0 0.028477346524596214
   370   3.11433482170105 0 0 0.028458764776587486
   380   3.0267162322998047 0 0 0.02787749655544758
   390   3.014721155166626 0 0 0.02847103588283062
   400   3.080719470977783 0 0 0.028918679803609848
   410   3.0388431549072266 0 0 0.02884359285235405
   420   2.922706127166748 0 0 0.028293848037719727
   430   2.8721885681152344 0 0 0.02859996072947979
   440   2.9353525638580322 0 0 0.028374947607517242
   450   2.9361960887908936 0 0 0.028439629822969437
   460   2.939579486846924 0 0 0.028767229989171028
   470   2.826484203338623 0 0 0.02870437502861023
   480   2.822824239730835 0 0 0.0290614515542984
   490   2.854102373123169 0 0 0.028965098783373833
   500   2.797477960586548 0 0 0.028655165806412697
Total Training Time: 11.923220020797517 hours 
l_NEW: 0.0, l_JD : 0.01, l_FMD: 0.0, l_MSE: 1.0, d_penalty: 0.0,step:[11, 5], L: 2, z_dim: 1, bs: 64, bit_rate: 2, s_b: False, dataset:mmnist_unidir_4_axis_random
| EPOCH |      PLF-JD     |      PLF-FMD    |      PLF-NEW    |      MSE        |
   1   2.832674264907837 0 0 0.028267841786146164
   10   2.7297513484954834 0 0 0.029031626880168915
   20   2.7578234672546387 0 0 0.029185935854911804
   30   2.723398208618164 0 0 0.028932683169841766
   40   2.759592056274414 0 0 0.028516439720988274
   50   2.694399356842041 0 0 0.028890622779726982
   60   2.7391371726989746 0 0 0.02892671711742878
   70   2.6386048793792725 0 0 0.0291106216609478
   80   2.6272456645965576 0 0 0.028820209205150604
   90   2.5591418743133545 0 0 0.0292462557554245
   100   2.5546631813049316 0 0 0.028893951326608658
   110   2.6114156246185303 0 0 0.029622426256537437
   120   2.564967155456543 0 0 0.029067371040582657
   130   2.598356246948242 0 0 0.0287664495408535
   140   2.5179924964904785 0 0 0.02885516919195652
   150   2.5402097702026367 0 0 0.02918371558189392
   160   2.507902145385742 0 0 0.02853667549788952
   170   2.483245849609375 0 0 0.02922358550131321
   180   2.5210700035095215 0 0 0.028650056570768356
   190   2.427586078643799 0 0 0.028777195140719414
   200   2.4425036907196045 0 0 0.028202222660183907
   210   2.379460096359253 0 0 0.02906343899667263
   220   2.43495512008667 0 0 0.02967049926519394
   230   2.473783254623413 0 0 0.029001690447330475
   240   2.368314743041992 0 0 0.029041066765785217
   250   2.4057679176330566 0 0 0.02843666449189186
   260   2.388671875 0 0 0.02880888618528843
   270   2.4286038875579834 0 0 0.028297076001763344
   280   2.370809316635132 0 0 0.028968971222639084
   290   2.3171780109405518 0 0 0.028881022706627846
   300   2.2863142490386963 0 0 0.028616197407245636
   310   2.29512095451355 0 0 0.028950897976756096
   320   2.38077974319458 0 0 0.028821565210819244
   330   2.3136866092681885 0 0 0.02920963615179062
   340   2.308436155319214 0 0 0.02919401414692402
   350   2.297745943069458 0 0 0.02892931178212166
   360   2.275346279144287 0 0 0.02843853272497654
   370   2.288450002670288 0 0 0.028804978355765343
   380   2.236173629760742 0 0 0.029652219265699387
   390   2.2330193519592285 0 0 0.028842486441135406
   400   2.2399697303771973 0 0 0.02876587025821209
   410   2.24442720413208 0 0 0.029238177463412285
   420   2.1367101669311523 0 0 0.029345743358135223
   430   2.152463674545288 0 0 0.028759149834513664
   440   2.208855628967285 0 0 0.029522549360990524
   450   2.229372501373291 0 0 0.029926128685474396
   460   2.178344249725342 0 0 0.02911202982068062
   470   2.138491153717041 0 0 0.029346855357289314
   480   2.1663498878479004 0 0 0.029338805004954338
   490   2.075685977935791 0 0 0.029829226434230804
l_NEW: 0.0, l_JD : 0.01, l_FMD: 0.0, l_MSE: 1.0, d_penalty: 0.0,step:[11, 5], L: 2, z_dim: 1, bs: 64, bit_rate: 2, s_b: False, dataset:mmnist_unidir_4_axis_random
| EPOCH |      PLF-JD     |      PLF-FMD    |      PLF-NEW    |      MSE        |
   1   2.318434476852417 0 0 0.02981024608016014
   10   2.07405161857605 0 0 0.029220180585980415
   20   2.127756118774414 0 0 0.03015044704079628
   30   2.174273729324341 0 0 0.029141059145331383
   40   2.1305084228515625 0 0 0.02911703661084175
   50   2.060481309890747 0 0 0.029470423236489296
   60   2.1692590713500977 0 0 0.029238760471343994
   70   2.050184488296509 0 0 0.029404643923044205
   80   2.0136823654174805 0 0 0.029920389875769615
   90   2.022702693939209 0 0 0.029596488922834396
   100   2.0785624980926514 0 0 0.029355352744460106
   110   2.0365140438079834 0 0 0.030059579759836197
   120   2.0093982219696045 0 0 0.029617033898830414
   130   2.053980588912964 0 0 0.029252437874674797
   140   2.0717110633850098 0 0 0.03138554468750954
   150   2.026970148086548 0 0 0.029332948848605156
   160   2.0221078395843506 0 0 0.02937578782439232
   170   1.9917218685150146 0 0 0.0298626609146595
   180   1.9842770099639893 0 0 0.029381031170487404
   190   2.0220887660980225 0 0 0.029288215562701225
   200   1.9975254535675049 0 0 0.029867500066757202
   210   1.979240894317627 0 0 0.02971416339278221
   220   1.9975440502166748 0 0 0.02955382689833641
   230   1.9913896322250366 0 0 0.02930336631834507
   240   1.9912973642349243 0 0 0.029143154621124268
   250   2.015150547027588 0 0 0.029024643823504448
   260   1.9706307649612427 0 0 0.029330486431717873
   270   1.9991471767425537 0 0 0.02965172939002514
   280   1.9932172298431396 0 0 0.02910982258617878
   290   1.8966262340545654 0 0 0.029044920578598976
   300   1.8822439908981323 0 0 0.029301481321454048
   310   1.9271470308303833 0 0 0.02907438948750496
   320   1.8602359294891357 0 0 0.029761459678411484
   330   1.8400163650512695 0 0 0.02952837198972702
   340   2.0258729457855225 0 0 0.0300318393856287
   350   1.8950378894805908 0 0 0.029555290937423706
   360   1.8685261011123657 0 0 0.03019915707409382
   370   1.8196380138397217 0 0 0.030110659077763557
   380   1.8746347427368164 0 0 0.029739702120423317
   390   1.8756521940231323 0 0 0.029218528419733047
   400   1.8867063522338867 0 0 0.029285313561558723
   410   1.862732172012329 0 0 0.029811939224600792
   420   1.7906979322433472 0 0 0.029951751232147217
   430   1.8287105560302734 0 0 0.029225938022136688
   440   1.7963871955871582 0 0 0.029818134382367134
   450   1.810336709022522 0 0 0.029911549761891365
   460   1.7684879302978516 0 0 0.030086297541856766
   470   1.882051944732666 0 0 0.030034564435482025
   480   1.7714965343475342 0 0 0.030781639739871025
   490   1.8249722719192505 0 0 0.029798230156302452
   500   1.8303560018539429 0 0 0.029138077050447464
Total Training Time: 11.912618044548564 hours 
l_NEW: 0.0, l_JD : 0.01, l_FMD: 0.0, l_MSE: 1.0, d_penalty: 0.0,step:[11, 5], L: 2, z_dim: 1, bs: 64, bit_rate: 2, s_b: False, dataset:mmnist_unidir_4_axis_random
| EPOCH |      PLF-JD     |      PLF-FMD    |      PLF-NEW    |      MSE        |
   1   1.870224118232727 0 0 0.030412524938583374
   10   1.8595619201660156 0 0 0.029876230284571648
   20   1.7803711891174316 0 0 0.029615823179483414
   30   1.7458935976028442 0 0 0.029834391549229622
   40   1.731103539466858 0 0 0.02936026267707348
   50   1.7320966720581055 0 0 0.029937785118818283
   60   1.7655296325683594 0 0 0.029849467799067497
   70   1.7547630071640015 0 0 0.02943495661020279
   80   1.7343698740005493 0 0 0.02902638167142868
   90   1.704066514968872 0 0 0.029956979677081108
   100   1.7343312501907349 0 0 0.030435852706432343
   110   1.7441551685333252 0 0 0.03000531904399395
   120   1.790486216545105 0 0 0.029564999043941498
   130   1.7652090787887573 0 0 0.02985789254307747
   140   1.718055248260498 0 0 0.029581528156995773
   150   1.7010555267333984 0 0 0.02977149374783039
   160   1.7067850828170776 0 0 0.030333364382386208
