l_NEW: 0.0, l_JD : 0.05, l_FMD: 0.0, l_MSE: 1.0, d_penalty: 0.0,step:[11, 5], L: 2, z_dim: 1, bs: 64, bit_rate: 2, s_b: False, dataset:mmnist_unidir_4_axis_random
| EPOCH |      PLF-JD     |      PLF-FMD    |      PLF-NEW    |      MSE        |
   1   3.7686142921447754 0 0 0.029115164652466774
   10   3.5943961143493652 0 0 0.03047482669353485
   20   3.379999876022339 0 0 0.030673978850245476
   30   3.1931607723236084 0 0 0.031010877341032028
   40   3.198767900466919 0 0 0.031818728893995285
   50   3.2724344730377197 0 0 0.031000934541225433
   60   3.4205679893493652 0 0 0.03044021874666214
   70   3.3770833015441895 0 0 0.031014878302812576
   80   3.7101523876190186 0 0 0.030942421406507492
   90   3.8526782989501953 0 0 0.03113408386707306
   100   3.7468934059143066 0 0 0.0307270810008049
   110   3.963693380355835 0 0 0.03088843636214733
   120   4.0610761642456055 0 0 0.030369680374860764
   130   4.163198947906494 0 0 0.032497651875019073
   140   4.123342514038086 0 0 0.031252309679985046
   150   4.133111476898193 0 0 0.031702108681201935
   160   4.060773849487305 0 0 0.030736826360225677
   170   4.094058036804199 0 0 0.031850673258304596
   180   3.920987844467163 0 0 0.031675420701503754
   190   3.8772928714752197 0 0 0.03181326761841774
   200   3.8238422870635986 0 0 0.030692847445607185
   210   3.8015215396881104 0 0 0.0313773937523365
   220   3.891491174697876 0 0 0.0317142978310585
   230   3.725832939147949 0 0 0.03183361887931824
   240   3.6084299087524414 0 0 0.033830463886260986
   250   3.6969850063323975 0 0 0.035209573805332184
   260   3.7101070880889893 0 0 0.033969197422266006
   270   3.6888527870178223 0 0 0.03519992157816887
   280   3.6785292625427246 0 0 0.03643898665904999
   290   3.578308343887329 0 0 0.03538985550403595
   300   3.489724636077881 0 0 0.03616753965616226
   310   3.4004838466644287 0 0 0.03463215008378029
   320   3.3033013343811035 0 0 0.03294000402092934
   330   3.3087809085845947 0 0 0.03334581106901169
   340   3.2711708545684814 0 0 0.03268883377313614
   350   3.273159980773926 0 0 0.032673340290784836
   360   3.169168710708618 0 0 0.03292032331228256
   370   3.316697120666504 0 0 0.03364548087120056
   380   3.0926451683044434 0 0 0.03355342149734497
   390   3.0454201698303223 0 0 0.033259425312280655
   400   3.139885187149048 0 0 0.032956160604953766
   410   3.0314035415649414 0 0 0.03255726769566536
   420   3.0434465408325195 0 0 0.033232323825359344
   430   2.9582717418670654 0 0 0.032793279737234116
   440   2.886850595474243 0 0 0.03276960551738739
   450   2.997283458709717 0 0 0.03313596174120903
   460   2.7874491214752197 0 0 0.032334115356206894
   470   2.8294153213500977 0 0 0.03259870409965515
   480   2.9866819381713867 0 0 0.03326491266489029
   490   2.886258363723755 0 0 0.03296747803688049
   500   2.7291438579559326 0 0 0.033325374126434326
Total Training Time: 12.001934075752894 hours 
l_NEW: 0.0, l_JD : 0.05, l_FMD: 0.0, l_MSE: 1.0, d_penalty: 0.0,step:[11, 5], L: 2, z_dim: 1, bs: 64, bit_rate: 2, s_b: False, dataset:mmnist_unidir_4_axis_random
| EPOCH |      PLF-JD     |      PLF-FMD    |      PLF-NEW    |      MSE        |
   1   2.7895543575286865 0 0 0.03289128094911575
   10   2.854259729385376 0 0 0.032965727150440216
   20   2.807832956314087 0 0 0.032370131462812424
   30   2.7482681274414062 0 0 0.0323779322206974
   40   2.7721431255340576 0 0 0.032620951533317566
   50   2.722105026245117 0 0 0.03311845660209656
   60   2.6744205951690674 0 0 0.03271459415555
   70   2.737277030944824 0 0 0.033499233424663544
   80   2.7725236415863037 0 0 0.033731281757354736
   90   2.6200313568115234 0 0 0.0336654856801033
   100   2.721961498260498 0 0 0.03301775082945824
   110   2.5642170906066895 0 0 0.03283122926950455
   120   2.618497848510742 0 0 0.032614126801490784
   130   2.5216193199157715 0 0 0.033138763159513474
   140   2.571293830871582 0 0 0.03342306986451149
   150   2.539792537689209 0 0 0.032919663935899734
   160   2.505733013153076 0 0 0.03324524685740471
   170   2.5848116874694824 0 0 0.033312004059553146
   180   2.4270424842834473 0 0 0.03319171071052551
   190   2.537121057510376 0 0 0.03293757513165474
   200   2.4527080059051514 0 0 0.03317638114094734
   210   2.388947010040283 0 0 0.03331685811281204
   220   2.487218141555786 0 0 0.03303341940045357
   230   2.456326961517334 0 0 0.033400557935237885
   240   2.363229513168335 0 0 0.03301248699426651
   250   2.3516883850097656 0 0 0.0330815427005291
   260   2.3738162517547607 0 0 0.032777827233076096
   270   2.386373281478882 0 0 0.03348233178257942
   280   2.5045650005340576 0 0 0.032493580132722855
   290   2.356074094772339 0 0 0.03251705318689346
   300   2.2513604164123535 0 0 0.032838355749845505
   310   2.407531261444092 0 0 0.0326855406165123
   320   2.266685962677002 0 0 0.03285685181617737
   330   2.3845388889312744 0 0 0.033169399946928024
   340   2.235813856124878 0 0 0.03283810615539551
   350   2.283437728881836 0 0 0.03284154459834099
   360   2.3010637760162354 0 0 0.03290828317403793
   370   2.1932010650634766 0 0 0.03296930342912674
   380   2.2400290966033936 0 0 0.03265853971242905
   390   2.1804897785186768 0 0 0.032367024570703506
   400   2.248169183731079 0 0 0.03250132501125336
   410   2.1955015659332275 0 0 0.03228742629289627
   420   2.223618268966675 0 0 0.03251280635595322
   430   2.1822502613067627 0 0 0.032821010798215866
   440   2.1264891624450684 0 0 0.03285286948084831
   450   2.178053855895996 0 0 0.03227221220731735
   460   2.1572611331939697 0 0 0.03261297941207886
   470   2.2070183753967285 0 0 0.03249889239668846
   480   2.2351248264312744 0 0 0.033395424485206604
   490   2.258962869644165 0 0 0.03314102441072464
l_NEW: 0.0, l_JD : 0.05, l_FMD: 0.0, l_MSE: 1.0, d_penalty: 0.0,step:[11, 5], L: 2, z_dim: 1, bs: 64, bit_rate: 2, s_b: False, dataset:mmnist_unidir_4_axis_random
| EPOCH |      PLF-JD     |      PLF-FMD    |      PLF-NEW    |      MSE        |
   1   2.2401156425476074 0 0 0.033558428287506104
   10   2.218106508255005 0 0 0.033593643456697464
   20   2.278974771499634 0 0 0.03377954661846161
   30   2.1656038761138916 0 0 0.03475170210003853
   40   2.159884214401245 0 0 0.03349236771464348
   50   2.1692698001861572 0 0 0.03344541788101196
   60   2.157942533493042 0 0 0.0329262800514698
   70   2.0666663646698 0 0 0.03344814479351044
   80   2.164656162261963 0 0 0.03395848348736763
   90   2.1091244220733643 0 0 0.03336748108267784
   100   2.193803548812866 0 0 0.033829376101493835
   110   2.1897192001342773 0 0 0.03381898254156113
   120   2.060901165008545 0 0 0.03362205997109413
   130   2.03666090965271 0 0 0.034142788499593735
   140   2.1119089126586914 0 0 0.03520998731255531
   150   2.113894462585449 0 0 0.034393951296806335
   160   2.1429784297943115 0 0 0.03409669175744057
   170   2.1188583374023438 0 0 0.03415006026625633
   180   2.0583553314208984 0 0 0.03369007632136345
   190   2.0578324794769287 0 0 0.03435226529836655
   200   2.039889335632324 0 0 0.0345199815928936
   210   2.026817798614502 0 0 0.03464139252901077
   220   2.0716800689697266 0 0 0.03465985506772995
   230   2.046052932739258 0 0 0.03510567918419838
   240   1.9448598623275757 0 0 0.03568289056420326
   250   2.062586545944214 0 0 0.034512847661972046
   260   1.9814448356628418 0 0 0.0349944531917572
   270   2.022061586380005 0 0 0.03432649001479149
   280   2.0153605937957764 0 0 0.034581687301397324
   290   1.9817498922348022 0 0 0.03491668403148651
   300   1.9816641807556152 0 0 0.03454095870256424
   310   1.916929841041565 0 0 0.03492956608533859
   320   2.1158530712127686 0 0 0.03586558997631073
   330   1.9667679071426392 0 0 0.035703692585229874
   340   1.9464021921157837 0 0 0.03478458523750305
   350   1.8951148986816406 0 0 0.035215023905038834
   360   1.959501028060913 0 0 0.03527836874127388
   370   1.9280110597610474 0 0 0.03549448400735855
   380   1.8694111108779907 0 0 0.034894056618213654
   390   1.9051189422607422 0 0 0.03486490994691849
   400   1.9491961002349854 0 0 0.03436814248561859
   410   1.9219197034835815 0 0 0.03445729240775108
