l_NEW: 0.0, l_JD : 0.04, l_FMD: 0.0, l_MSE: 1.0, d_penalty: 0.0,step:[11, 5], L: 2, z_dim: 1, bs: 64, bit_rate: 2, s_b: False, dataset:mmnist_unidir_4_axis_random
| EPOCH |      PLF-JD     |      PLF-FMD    |      PLF-NEW    |      MSE        |
   1   3.8215084075927734 0 0 0.028657974675297737
   10   3.3513131141662598 0 0 0.029569966718554497
   20   3.145895481109619 0 0 0.030487557873129845
   30   3.140766143798828 0 0 0.029881618916988373
   40   3.0143234729766846 0 0 0.03145146369934082
   50   2.915491819381714 0 0 0.03032846748828888
   60   3.018087863922119 0 0 0.030668193474411964
   70   3.232022523880005 0 0 0.03077670931816101
   80   3.486680507659912 0 0 0.031488511711359024
   90   3.7985525131225586 0 0 0.030560053884983063
   100   3.9777212142944336 0 0 0.03206098824739456
   110   4.172108173370361 0 0 0.031229168176651
   120   4.174516677856445 0 0 0.03071889467537403
   130   4.258453369140625 0 0 0.03080172836780548
   140   4.122292995452881 0 0 0.030678093433380127
   150   4.050152778625488 0 0 0.031056921929121017
   160   3.918499708175659 0 0 0.031120911240577698
   170   4.040242671966553 0 0 0.031559087336063385
   180   3.93284010887146 0 0 0.03130623325705528
   190   3.896790027618408 0 0 0.03224802017211914
   200   3.77416729927063 0 0 0.03217989206314087
   210   3.647707462310791 0 0 0.03224902227520943
   220   3.590371608734131 0 0 0.03141478821635246
   230   3.6170084476470947 0 0 0.033260855823755264
   240   3.5269148349761963 0 0 0.03184061497449875
   250   3.5721921920776367 0 0 0.03277682512998581
   260   3.4704086780548096 0 0 0.03264498710632324
   270   3.4547500610351562 0 0 0.03265564143657684
   280   3.427863836288452 0 0 0.03268800303339958
   290   3.354004383087158 0 0 0.03229445964097977
   300   3.347968816757202 0 0 0.0332283191382885
   310   3.3122642040252686 0 0 0.03369169682264328
   320   3.211782932281494 0 0 0.03222063556313515
   330   3.238750696182251 0 0 0.03445158898830414
   340   3.2952866554260254 0 0 0.03442247956991196
   350   3.263812780380249 0 0 0.03472325578331947
   360   3.1590075492858887 0 0 0.03554927930235863
   370   3.1904547214508057 0 0 0.03459351509809494
   380   3.168691873550415 0 0 0.03399284929037094
   390   3.0196001529693604 0 0 0.03440652787685394
   400   3.1373419761657715 0 0 0.035067036747932434
   410   3.0563271045684814 0 0 0.03530760854482651
   420   3.0099334716796875 0 0 0.03645826503634453
   430   3.0137429237365723 0 0 0.035839054733514786
   440   2.9483230113983154 0 0 0.035970527678728104
   450   2.8829894065856934 0 0 0.03468220308423042
   460   2.9418232440948486 0 0 0.033253949135541916
   470   2.8706986904144287 0 0 0.03442627191543579
   480   2.767827033996582 0 0 0.035360123962163925
   490   2.9062063694000244 0 0 0.034117575734853745
   500   2.791290283203125 0 0 0.034752257168293
Total Training Time: 11.970639396905899 hours 
l_NEW: 0.0, l_JD : 0.04, l_FMD: 0.0, l_MSE: 1.0, d_penalty: 0.0,step:[11, 5], L: 2, z_dim: 1, bs: 64, bit_rate: 2, s_b: False, dataset:mmnist_unidir_4_axis_random
| EPOCH |      PLF-JD     |      PLF-FMD    |      PLF-NEW    |      MSE        |
   1   2.858386278152466 0 0 0.035001128911972046
   10   2.7028470039367676 0 0 0.03522665426135063
   20   2.710145950317383 0 0 0.03608456626534462
   30   2.7176249027252197 0 0 0.03422104939818382
   40   2.710965156555176 0 0 0.03415754809975624
   50   2.7021260261535645 0 0 0.03398057445883751
   60   2.6823205947875977 0 0 0.03551564738154411
   70   2.6679906845092773 0 0 0.034600455313920975
   80   2.691732883453369 0 0 0.03470199182629585
   90   2.644413709640503 0 0 0.03432011604309082
   100   2.565438985824585 0 0 0.035256948322057724
   110   2.61971378326416 0 0 0.03365073725581169
   120   2.6600394248962402 0 0 0.03456154838204384
   130   2.5391101837158203 0 0 0.03506767004728317
   140   2.5296199321746826 0 0 0.035808492451906204
   150   2.4930310249328613 0 0 0.03533576428890228
   160   2.508690118789673 0 0 0.03597114235162735
   170   2.534721851348877 0 0 0.03601035475730896
   180   2.4498186111450195 0 0 0.03442815691232681
   190   2.3923702239990234 0 0 0.03459171950817108
   200   2.40185284614563 0 0 0.036117199808359146
   210   2.415689468383789 0 0 0.03620268031954765
   220   2.4136219024658203 0 0 0.03584016114473343
   230   2.41725492477417 0 0 0.0360909029841423
   240   2.363957643508911 0 0 0.034963712096214294
   250   2.3820629119873047 0 0 0.03484389930963516
   260   2.3973610401153564 0 0 0.036241788417100906
   270   2.3263161182403564 0 0 0.03515635430812836
   280   2.3027503490448 0 0 0.03545679152011871
   290   2.2843966484069824 0 0 0.036022674292325974
   300   2.255708694458008 0 0 0.03563294559717178
   310   2.293802261352539 0 0 0.03465628996491432
   320   2.177943706512451 0 0 0.03484692424535751
   330   2.2712018489837646 0 0 0.035723209381103516
   340   2.2982888221740723 0 0 0.034671567380428314
   350   2.26320219039917 0 0 0.03434792906045914
   360   2.1828439235687256 0 0 0.035875506699085236
   370   2.26863431930542 0 0 0.03611245006322861
   380   2.1384685039520264 0 0 0.03582248091697693
   390   2.190661668777466 0 0 0.03528578579425812
   400   2.1855616569519043 0 0 0.03428421542048454
   410   2.2040481567382812 0 0 0.03553907945752144
   420   2.1939823627471924 0 0 0.03646431118249893
   430   2.1486153602600098 0 0 0.03564770519733429
   440   2.0897772312164307 0 0 0.036561284214258194
   450   2.1195976734161377 0 0 0.03612697869539261
   460   2.0657906532287598 0 0 0.035439807921648026
   470   2.0966806411743164 0 0 0.0356355719268322
   480   2.1796681880950928 0 0 0.03501254320144653
   490   2.161463737487793 0 0 0.036449678242206573
   500   2.1222968101501465 0 0 0.03657396510243416
Total Training Time: 11.991123980018827 hours 
l_NEW: 0.0, l_JD : 0.04, l_FMD: 0.0, l_MSE: 1.0, d_penalty: 0.0,step:[11, 5], L: 2, z_dim: 1, bs: 64, bit_rate: 2, s_b: False, dataset:mmnist_unidir_4_axis_random
| EPOCH |      PLF-JD     |      PLF-FMD    |      PLF-NEW    |      MSE        |
   1   2.222768783569336 0 0 0.035966139286756516
   10   2.0549094676971436 0 0 0.037085648626089096
   20   2.087815761566162 0 0 0.03603823855519295
   30   2.0490145683288574 0 0 0.03653755038976669
   40   2.0937235355377197 0 0 0.03725547343492508
   50   2.0878708362579346 0 0 0.03650236502289772
   60   2.0332272052764893 0 0 0.036824580281972885
   70   2.092205762863159 0 0 0.035423483699560165
   80   2.041646957397461 0 0 0.03492673859000206
   90   1.9866483211517334 0 0 0.035457585006952286
   100   1.9833863973617554 0 0 0.03622473403811455
   110   2.0001232624053955 0 0 0.036428067833185196
   120   2.0104618072509766 0 0 0.035528235137462616
   130   1.982948660850525 0 0 0.0363035686314106
   140   1.9969887733459473 0 0 0.03620515018701553
   150   2.0162644386291504 0 0 0.03600214049220085
   160   1.933495283126831 0 0 0.03511786460876465
   170   1.9099432229995728 0 0 0.03697076067328453
   180   1.9064198732376099 0 0 0.03690566495060921
   190   1.8983558416366577 0 0 0.0365876704454422
   200   1.9227784872055054 0 0 0.03559374809265137
   210   1.8745481967926025 0 0 0.03559897094964981
   220   1.9527795314788818 0 0 0.03564697504043579
   230   1.9043917655944824 0 0 0.035721033811569214
   240   1.950792670249939 0 0 0.035775382071733475
   250   1.8661103248596191 0 0 0.03678979352116585
   260   1.9287868738174438 0 0 0.03717879205942154
   270   1.8974956274032593 0 0 0.03660573810338974
   280   1.9099003076553345 0 0 0.03639185428619385
   290   1.927693247795105 0 0 0.03740065544843674
   300   1.8713788986206055 0 0 0.03686070814728737
   310   1.8808982372283936 0 0 0.03550182282924652
   320   1.9734071493148804 0 0 0.03497692570090294
   330   1.912779688835144 0 0 0.03519083559513092
   340   1.939126968383789 0 0 0.03636619448661804
   350   1.8504753112792969 0 0 0.036605969071388245
   360   1.9303488731384277 0 0 0.036881450563669205
   370   1.9119137525558472 0 0 0.03730260953307152
   380   1.8459354639053345 0 0 0.03636545315384865
   390   1.8192397356033325 0 0 0.036660127341747284
   400   1.8489876985549927 0 0 0.03655945509672165
   410   1.8450978994369507 0 0 0.03652559593319893
   420   1.812727451324463 0 0 0.03514081984758377
   430   1.7595651149749756 0 0 0.036526672542095184
   440   1.8092811107635498 0 0 0.03709454834461212
   450   1.7853974103927612 0 0 0.03656287491321564
   460   1.8561867475509644 0 0 0.03549040108919144
