l_NEW: 0.0, l_JD : 0.008, l_FMD: 0.0, l_MSE: 1.0, d_penalty: 0.0, L: 2, z_dim: 2, bs: 64
| EPOCH |      PLF-JD     |      PLF-FMD    |      PLF-NEW    |      MSE        |
   1   2.7636234760284424 0 0 0.019163940101861954
   10   1.9622864723205566 0 0 0.021246857941150665
   20   1.91361665725708 0 0 0.02208816446363926
   30   1.90194833278656 0 0 0.02232874557375908
   40   1.7903878688812256 0 0 0.022318895906209946
   50   1.7101542949676514 0 0 0.0224766805768013
   60   1.6634609699249268 0 0 0.02245906926691532
   70   1.6694157123565674 0 0 0.022646229714155197
Total Training Time: 3.439488520158662 hours 
l_NEW: 0.0, l_JD : 0.008, l_FMD: 0.0, l_MSE: 1.0, d_penalty: 0.0, L: 2, z_dim: 2, bs: 64
| EPOCH |      PLF-JD     |      PLF-FMD    |      PLF-NEW    |      MSE        |
   1   1.5501437187194824 0 0 0.022663550451397896
   10   1.6395877599716187 0 0 0.02255810797214508
   20   1.60440194606781 0 0 0.022594651207327843
   30   1.6215746402740479 0 0 0.022553101181983948
   40   1.5748779773712158 0 0 0.022265436127781868
   50   1.5920743942260742 0 0 0.022551264613866806
   60   1.5423957109451294 0 0 0.022519323974847794
   70   1.4992026090621948 0 0 0.022586528211832047
Total Training Time: 3.5118766693936454 hours 
l_NEW: 0.0, l_JD : 0.008, l_FMD: 0.0, l_MSE: 1.0, d_penalty: 0.0, L: 2, z_dim: 2, bs: 64
| EPOCH |      PLF-JD     |      PLF-FMD    |      PLF-NEW    |      MSE        |
   1   1.5030357837677002 0 0 0.02238188311457634
   10   1.477231502532959 0 0 0.022532733157277107
   20   1.458687424659729 0 0 0.02244129218161106
   30   1.514050841331482 0 0 0.0224197618663311
   40   1.4553302526474 0 0 0.022363634780049324
   50   1.4379284381866455 0 0 0.022606292739510536
   60   1.4841495752334595 0 0 0.02246779575943947
   70   1.3519225120544434 0 0 0.022522680461406708
Total Training Time: 3.4169259095191955 hours 
l_NEW: 0.0, l_JD : 0.008, l_FMD: 0.0, l_MSE: 1.0, d_penalty: 0.0, L: 2, z_dim: 2, bs: 64
| EPOCH |      PLF-JD     |      PLF-FMD    |      PLF-NEW    |      MSE        |
   1   1.4014674425125122 0 0 0.022427206858992577
   10   1.4312059879302979 0 0 0.022259525954723358
   20   1.390535831451416 0 0 0.022367296740412712
   30   1.3583637475967407 0 0 0.022498777136206627
   40   1.3914830684661865 0 0 0.022461364045739174
   50   1.3509986400604248 0 0 0.022507641464471817
   60   1.3951568603515625 0 0 0.022452153265476227
   70   1.3615777492523193 0 0 0.022381260991096497
l_NEW: 0.0, l_JD : 0.008, l_FMD: 0.0, l_MSE: 1.0, d_penalty: 0.0, L: 2, z_dim: 2, bs: 64
| EPOCH |      PLF-JD     |      PLF-FMD    |      PLF-NEW    |      MSE        |
   1   1.3697421550750732 0 0 0.0223596952855587
   10   1.3695179224014282 0 0 0.022375857457518578
   20   1.3349404335021973 0 0 0.022510286420583725
Total Training Time: 1.0157804293764963 hours 
