l_NEW: 0.0, l_JD : 0.05, l_FMD: 0.0, l_MSE: 1.0, d_penalty: 0.0,step:20, L: 2, z_dim: 1, bs: 64, bit_rate: 2, s_b: False, dataset:mmnist_4_axis_random_sample_step
| EPOCH |      PLF-JD     |      PLF-FMD    |      PLF-NEW    |      MSE        |
   1   4.561933517456055 0 0 0.029725156724452972
   10   3.996790885925293 0 0 0.031064290553331375
   20   3.383612632751465 0 0 0.03361864760518074
   30   3.191805124282837 0 0 0.03301582857966423
   40   2.838806629180908 0 0 0.03386283665895462
   50   2.7267916202545166 0 0 0.03389042615890503
   60   2.7348852157592773 0 0 0.03354857116937637
   70   2.6510112285614014 0 0 0.03417400270700455
   80   2.416041374206543 0 0 0.034699950367212296
   90   2.403895139694214 0 0 0.034467000514268875
   100   2.396611452102661 0 0 0.03564884141087532
   110   2.4145452976226807 0 0 0.03557160496711731
   120   2.4508018493652344 0 0 0.0352802611887455
   130   2.4058163166046143 0 0 0.03440941870212555
   140   2.3770673274993896 0 0 0.03581627830862999
   150   2.4125940799713135 0 0 0.03449532389640808
   160   2.443845510482788 0 0 0.035044264048337936
   170   2.3843743801116943 0 0 0.03426744416356087
   180   2.338827133178711 0 0 0.035009730607271194
   190   2.3415305614471436 0 0 0.03481344133615494
   200   2.3403468132019043 0 0 0.034245867282152176
   210   2.270786762237549 0 0 0.03452253341674805
   220   2.263902187347412 0 0 0.03493958339095116
   230   2.20284104347229 0 0 0.03510443866252899
   240   2.21894907951355 0 0 0.0345163568854332
   250   2.1683695316314697 0 0 0.03596450760960579
   260   2.1666243076324463 0 0 0.034836817532777786
   270   2.152052879333496 0 0 0.03443114459514618
   280   2.1225993633270264 0 0 0.03428533300757408
   290   2.065368890762329 0 0 0.03554943948984146
   300   2.0671536922454834 0 0 0.03504098206758499
   310   2.0731780529022217 0 0 0.035209257155656815
   320   2.0082695484161377 0 0 0.035763297230005264
l_NEW: 0.0, l_JD : 0.05, l_FMD: 0.0, l_MSE: 1.0, d_penalty: 0.0,step:20, L: 2, z_dim: 1, bs: 64, bit_rate: 2, s_b: False, dataset:mmnist_4_axis_random_sample_step
| EPOCH |      PLF-JD     |      PLF-FMD    |      PLF-NEW    |      MSE        |
   1   2.0117058753967285 0 0 0.03536280617117882
   10   1.9293718338012695 0 0 0.03527126461267471
   20   1.9468785524368286 0 0 0.035907186567783356
   30   1.9183826446533203 0 0 0.03475607559084892
   40   1.864363193511963 0 0 0.035583365708589554
   50   1.8598965406417847 0 0 0.035084065049886703
   60   1.7999018430709839 0 0 0.035212721675634384
   70   1.8435639142990112 0 0 0.035669438540935516
   80   1.7625261545181274 0 0 0.03593810275197029
   90   1.7190937995910645 0 0 0.035912804305553436
   100   1.7404283285140991 0 0 0.03579818829894066
   110   1.7211858034133911 0 0 0.035756491124629974
   120   1.7146358489990234 0 0 0.036290790885686874
   130   1.6310079097747803 0 0 0.03665979951620102
   140   1.7018048763275146 0 0 0.035829294472932816
   150   1.645853877067566 0 0 0.03643442690372467
   160   1.5966533422470093 0 0 0.03631418198347092
   170   1.6071710586547852 0 0 0.03699468821287155
   180   1.6132986545562744 0 0 0.036406807601451874
   190   1.6482080221176147 0 0 0.036599669605493546
   200   1.5653760433197021 0 0 0.03694263845682144
   210   1.5272918939590454 0 0 0.03616693615913391
   220   1.508397102355957 0 0 0.03594481199979782
   230   1.4905997514724731 0 0 0.035627588629722595
   240   1.5012983083724976 0 0 0.035784266889095306
   250   1.4550244808197021 0 0 0.03555288165807724
   260   1.4104970693588257 0 0 0.035879041999578476
   270   1.4202710390090942 0 0 0.03548048436641693
   280   1.436051607131958 0 0 0.03522944077849388
   290   1.3852852582931519 0 0 0.03603297472000122
   300   1.351616382598877 0 0 0.03591187298297882
Total Training Time: 7.195766561230024 hours 
