l_PN, l_P, l_MSE, d_penalty  0.0 0.0 1.0 0.0
| EPOCH | PLF-JD | PLF-FMD | PLF-NEW | MSE |
1 5.527061939239502 1.1286171674728394 1.4157143831253052 0.014649523422122002
10 5.691354751586914 1.1657235622406006 1.4160995483398438 0.014497451484203339
20 5.755422592163086 1.1113983392715454 1.4134374856948853 0.014551849104464054
30 5.677504062652588 1.1501301527023315 1.4387624263763428 0.014474623836576939
40 5.653388977050781 1.058569312095642 1.4012882709503174 0.014700128696858883
50 5.740849494934082 1.1010478734970093 1.4796351194381714 0.014693074859678745
60 5.631932735443115 1.0920902490615845 1.4792499542236328 0.014477375894784927
70 5.714423179626465 1.0210379362106323 1.4601174592971802 0.01453245710581541
80 5.714991569519043 1.0128802061080933 1.4358100891113281 0.014730935916304588
Total Training Time: 7.349211297233899 hours 
l_PN, l_P, l_MSE, d_penalty  0.0 0.0 1.0 0.0
| EPOCH | PLF-JD | PLF-FMD | PLF-NEW | MSE |
1 5.646487712860107 1.0934053659439087 1.5133576393127441 0.014546386897563934
10 5.745289325714111 1.0193673372268677 1.4446169137954712 0.014692776836454868
20 5.81874418258667 1.05501389503479 1.4543428421020508 0.014436219818890095
30 5.821990489959717 1.024874210357666 1.4695903062820435 0.01449557114392519
40 5.790038108825684 1.0132423639297485 1.463191032409668 0.014650511555373669
50 5.786490440368652 1.014604926109314 1.4202357530593872 0.014638631604611874
60 5.737544536590576 0.9417905211448669 1.457521915435791 0.014684549532830715
70 5.819753646850586 0.97846919298172 1.4287651777267456 0.014625673182308674
80 5.7563395500183105 0.9470252394676208 1.435306429862976 0.014472134411334991
Total Training Time: 7.3749137288994255 hours 
l_PN, l_P, l_MSE, d_penalty  0.0 0.0 1.0 0.0
| EPOCH | PLF-JD | PLF-FMD | PLF-NEW | MSE |
1 5.854873180389404 0.9539534449577332 1.376491665840149 0.014571163803339005
10 5.7987494468688965 0.9752072095870972 1.4101227521896362 0.014651517383754253
20 5.832625865936279 0.9508134722709656 1.383323073387146 0.01464233547449112
30 5.847977638244629 0.950381338596344 1.416865348815918 0.014589352533221245
40 5.828808307647705 0.9441397190093994 1.3799501657485962 0.014649858698248863
50 5.843655109405518 0.93012535572052 1.3915917873382568 0.014573159627616405
60 5.796555519104004 0.915924608707428 1.3750232458114624 0.01459331065416336
70 5.7877397537231445 0.9015200138092041 1.4179776906967163 0.014708143658936024
80 5.816861152648926 0.9154853224754333 1.3932517766952515 0.014483070001006126
Total Training Time: 7.309828992088636 hours 
l_NEW: 0.0, l_JD : 0.0, l_FMD: 0.008, l_MSE: 1.0, d_penalty: 0.0, L: 2, z_dim: 6, bs: 64
| EPOCH |      PLF-JD     |      PLF-FMD    |      PLF-NEW    |      MSE        |
   1   0 1.797950267791748 0 0.01361336000263691
l_NEW: 0.0, l_JD : 0.0, l_FMD: 0.008, l_MSE: 1.0, d_penalty: 0.0, L: 2, z_dim: 6, bs: 64
| EPOCH |      PLF-JD     |      PLF-FMD    |      PLF-NEW    |      MSE        |
   1   0 1.7680631875991821 0 0.013776504434645176
   10   0 1.3707157373428345 0 0.014385170303285122
   20   0 1.273492693901062 0 0.01448142435401678
   30   0 1.301828384399414 0 0.014678743667900562
   40   0 1.2690203189849854 0 0.014452554285526276
