l_NEW: 0.01, l_JD : 0.0, l_FMD: 0.0, l_MSE: 1.0, d_penalty: 0.0, L: 2, z_dim: 6, bs: 64
| EPOCH |      PLF-JD     |      PLF-FMD    |      PLF-NEW    |      MSE        |
   1   0 0 1.659363865852356 0.014130041003227234
   10   0 0 1.291247010231018 0.014806406572461128
   20   0 0 1.2479501962661743 0.014878490008413792
   30   0 0 1.1903109550476074 0.01472611352801323
   40   0 0 1.2446677684783936 0.01468166708946228
   50   0 0 1.1904057264328003 0.014825834892690182
   60   0 0 1.1942315101623535 0.01480002049356699
   70   0 0 1.2000726461410522 0.014686228707432747
   80   0 0 1.1812382936477661 0.014715373516082764
   90   0 0 1.120719313621521 0.014745309017598629
   100   0 0 1.1074788570404053 0.014902145601809025
   110   0 0 1.0660609006881714 0.01478250976651907
   120   0 0 1.1003912687301636 0.014690342359244823
   130   0 0 1.0475844144821167 0.014781643636524677
   140   0 0 1.0633653402328491 0.014760646969079971
   150   0 0 1.0233306884765625 0.014665140770375729
Total Training Time: 7.295756425261498 hours 
l_NEW: 0.01, l_JD : 0.0, l_FMD: 0.0, l_MSE: 1.0, d_penalty: 0.0, L: 2, z_dim: 6, bs: 64
| EPOCH |      PLF-JD     |      PLF-FMD    |      PLF-NEW    |      MSE        |
   1   0 0 1.0010932683944702 0.01507554017007351
   10   0 0 1.0358766317367554 0.014674277044832706
   20   0 0 1.0330227613449097 0.014806118793785572
   30   0 0 1.0142790079116821 0.014881911687552929
   40   0 0 1.0046747922897339 0.014783320017158985
   50   0 0 1.0248063802719116 0.01471791323274374
   60   0 0 1.0005275011062622 0.014659966342151165
   70   0 0 0.9937933683395386 0.014887586236000061
   80   0 0 0.9486654996871948 0.014935778453946114
   90   0 0 0.9814198613166809 0.014656277373433113
   100   0 0 0.9489731788635254 0.0149030527099967
   110   0 0 0.9969174861907959 0.014632061123847961
   120   0 0 0.9465585350990295 0.014710494317114353
   130   0 0 0.929936408996582 0.014810262247920036
   140   0 0 0.9753137826919556 0.014489629305899143
   150   0 0 0.9323791265487671 0.014747233130037785
Total Training Time: 7.489738191299968 hours 
