l_NEW: 0.0, l_JD : 0.08, l_FMD: 0.0, l_MSE: 1.0,step: 20, d_penalty: 0.0, L: 2, z_dim: 1-4, bs: 64, dataset: mmnist_4_axis_random_sample_step
| EPOCH |      PLF-JD     |      PLF-FMD    |      PLF-NEW    |      MSE        |
l_NEW: 0.0, l_JD : 0.08, l_FMD: 0.0, l_MSE: 1.0,step: 20, d_penalty: 0.0, L: 2, z_dim: 1-4, bs: 64, dataset: mmnist_4_axis_random_sample_step
| EPOCH |      PLF-JD     |      PLF-FMD    |      PLF-NEW    |      MSE        |
   1   13.549560546875 0 0 0.045642562210559845
   10   5.649462699890137 0 0 0.02591579779982567
   20   6.094769477844238 0 0 0.026281826198101044
   30   6.1936869621276855 0 0 0.02887224592268467
   40   6.054476737976074 0 0 0.027899904176592827
   50   6.235929012298584 0 0 0.029357412829995155
   60   6.245242118835449 0 0 0.028131237253546715
   70   5.984080791473389 0 0 0.03072396293282509
   80   6.112776279449463 0 0 0.030726108700037003
   90   6.086542129516602 0 0 0.029103003442287445
   100   6.172767162322998 0 0 0.02911592461168766
   110   6.291165828704834 0 0 0.03028494119644165
   120   6.181122779846191 0 0 0.030361687764525414
   130   6.3050761222839355 0 0 0.029657382518053055
   140   6.217164993286133 0 0 0.030877800658345222
   150   6.425976753234863 0 0 0.029038380831480026
   160   6.364999771118164 0 0 0.03004172071814537
   170   6.50730562210083 0 0 0.028944436460733414
   180   6.23120641708374 0 0 0.02989049255847931
   190   6.6210103034973145 0 0 0.02799471653997898
   200   6.545977592468262 0 0 0.029750272631645203
   210   6.488271713256836 0 0 0.030447233468294144
   220   6.589472770690918 0 0 0.02977949194610119
   230   6.3938798904418945 0 0 0.030389193445444107
   240   6.437376976013184 0 0 0.029566926881670952
   250   6.320221900939941 0 0 0.030485205352306366
   260   6.372407913208008 0 0 0.02894671820104122
   270   6.541700839996338 0 0 0.030535854399204254
   280   6.4648284912109375 0 0 0.029730642214417458
   290   6.547213554382324 0 0 0.03000529482960701
   300   6.4064483642578125 0 0 0.03089887835085392
   310   6.525087356567383 0 0 0.030181320384144783
   320   6.4684014320373535 0 0 0.030424801632761955
   330   6.536787033081055 0 0 0.029880927875638008
   340   6.464617729187012 0 0 0.029828347265720367
   350   6.546156883239746 0 0 0.029380816966295242
   360   6.534719467163086 0 0 0.028092820197343826
   370   6.552512168884277 0 0 0.03003808669745922
   380   6.425384998321533 0 0 0.029430637136101723
   390   6.490335464477539 0 0 0.02948627434670925
