l_NEW: 0.0, l_JD : 0.07, l_FMD: 0.0, l_MSE: 1.0,step: 20, d_penalty: 0.0, L: 2, z_dim: 1-4, bs: 64, dataset: mmnist_4_axis_random_sample_step
| EPOCH |      PLF-JD     |      PLF-FMD    |      PLF-NEW    |      MSE        |
   1   12.372489929199219 0 0 0.03275769576430321
   10   5.593391418457031 0 0 0.024829521775245667
   20   5.8520307540893555 0 0 0.02819269709289074
   30   6.185961723327637 0 0 0.03112770803272724
   40   6.296169281005859 0 0 0.027567360550165176
   50   6.363750457763672 0 0 0.028185509145259857
   60   6.367269992828369 0 0 0.028178201988339424
   70   6.622674465179443 0 0 0.029107222333550453
   80   6.207731246948242 0 0 0.032623812556266785
   90   6.27769660949707 0 0 0.029798107221722603
   100   6.386165142059326 0 0 0.032306838780641556
   110   6.363650321960449 0 0 0.030141115188598633
   120   6.251706123352051 0 0 0.02907378599047661
   130   6.255720615386963 0 0 0.031509313732385635
   140   6.4594597816467285 0 0 0.029665950685739517
   150   6.460400104522705 0 0 0.02853211760520935
   160   6.414541244506836 0 0 0.0299629308283329
   170   6.4553680419921875 0 0 0.029192781075835228
   180   6.487479209899902 0 0 0.030065802857279778
   190   6.235805511474609 0 0 0.03018365427851677
   200   6.346320629119873 0 0 0.030962448567152023
   210   6.451557636260986 0 0 0.030059728771448135
   220   6.6923065185546875 0 0 0.029924288392066956
   230   6.441514492034912 0 0 0.02941487357020378
   240   6.384668827056885 0 0 0.02952592447400093
   250   6.3931097984313965 0 0 0.029139332473278046
   260   6.4657182693481445 0 0 0.029413126409053802
   270   6.295273303985596 0 0 0.02954174019396305
   280   6.386765480041504 0 0 0.02971724607050419
   290   6.374880790710449 0 0 0.02856564335525036
   300   6.436095237731934 0 0 0.030737370252609253
   310   6.433470726013184 0 0 0.03016761876642704
   320   6.4693498611450195 0 0 0.029865391552448273
   330   6.421330451965332 0 0 0.029648305848240852
   340   6.476321220397949 0 0 0.029390539973974228
   350   6.442407608032227 0 0 0.029460705816745758
   360   6.317503929138184 0 0 0.029722759500145912
   370   6.397374629974365 0 0 0.030025029554963112
   380   6.496140480041504 0 0 0.029134299606084824
   390   6.458530902862549 0 0 0.02881021238863468
   400   6.66197395324707 0 0 0.029451200738549232
