l_NEW: 0.0, l_JD : 0.0, l_FMD: 0.0, l_MSE: 1.0,step: 15, d_penalty: 0.0, L: 2, z_dim: 1-4, bs: 64
| EPOCH |      PLF-JD     |      PLF-FMD    |      PLF-NEW    |      MSE        |
   1   9.181188583374023 9.443315505981445 8.869026184082031 0.017563054338097572
   10   8.65263843536377 8.639548301696777 8.319782257080078 0.014143669046461582
   20   7.690595626831055 7.354125022888184 7.4292988777160645 0.013030829839408398
   30   7.389229774475098 7.560276031494141 7.560107707977295 0.012443226762115955
   40   7.078568458557129 6.953813076019287 6.848598003387451 0.01191856898367405
   50   6.468144416809082 6.710526466369629 6.409860610961914 0.011541660875082016
   60   6.4946699142456055 6.397847652435303 6.452877044677734 0.011334686540067196
   70   6.348399639129639 6.349547386169434 6.317394733428955 0.011029429733753204
   80   6.017531871795654 6.065455913543701 6.034348011016846 0.010857876390218735
   90   6.110579967498779 5.883693218231201 5.93909215927124 0.0106578404083848
   100   5.7749834060668945 5.897200584411621 5.830868244171143 0.010478532873094082
Total Training Time: 13.897099292675653 hours 
