l_NEW: 0.0, l_JD : 0.003, l_FMD: 0.0, l_MSE: 1.0, d_penalty: 0.0, L: 2, z_dim: 6, bs: 64
| EPOCH |      PLF-JD     |      PLF-FMD    |      PLF-NEW    |      MSE        |
   1   4.0846686363220215 0 0 0.01171982754021883
   10   3.569124221801758 0 0 0.01316535659134388
   20   3.443189859390259 0 0 0.013696128502488136
   30   3.4293973445892334 0 0 0.014071418903768063
   40   3.3691439628601074 0 0 0.01428945455700159
   50   3.2814745903015137 0 0 0.014260388910770416
   60   3.2444698810577393 0 0 0.01450931467115879
   70   3.219801902770996 0 0 0.01435775961726904
   80   3.2118701934814453 0 0 0.014322084374725819
   90   3.1147799491882324 0 0 0.014696326106786728
   100   3.1641287803649902 0 0 0.01471503172069788
   110   3.104914903640747 0 0 0.014825889840722084
   120   3.0624728202819824 0 0 0.014883743599057198
   130   3.0662176609039307 0 0 0.01494324579834938
   140   3.0198869705200195 0 0 0.01491614244878292
   150   2.9581568241119385 0 0 0.014993838034570217
Total Training Time: 7.356844635274675 hours 
l_NEW: 0.0, l_JD : 0.003, l_FMD: 0.0, l_MSE: 1.0, d_penalty: 0.0, L: 2, z_dim: 6, bs: 64
| EPOCH |      PLF-JD     |      PLF-FMD    |      PLF-NEW    |      MSE        |
   1   3.0195388793945312 0 0 0.014838816598057747
   10   3.0073423385620117 0 0 0.014947965741157532
   20   2.975900888442993 0 0 0.015068737789988518
   30   2.9560744762420654 0 0 0.015092374756932259
   40   2.953826427459717 0 0 0.015227064490318298
   50   2.9030020236968994 0 0 0.015137781389057636
   60   2.8586769104003906 0 0 0.015224945731461048
   70   2.82303524017334 0 0 0.015326782129704952
   80   2.846179246902466 0 0 0.01524118147790432
   90   2.7516331672668457 0 0 0.015211864374577999
   100   2.761507272720337 0 0 0.015237659215927124
   110   2.8301842212677 0 0 0.015210682526230812
   120   2.7419381141662598 0 0 0.015321170911192894
   130   2.764923095703125 0 0 0.015303464606404305
   140   2.766242027282715 0 0 0.015268061310052872
   150   2.746157169342041 0 0 0.015442914329469204
Total Training Time: 7.165447962946362 hours 
