l_NEW: 0.001, l_JD : 0.0, l_FMD: 0.0, l_MSE: 1.0, d_penalty: 0.0, L: 2, z_dim: 1, bs: 64
| EPOCH |      PLF-JD     |      PLF-FMD    |      PLF-NEW    |      MSE        |
   1   0 0 5.919750213623047 0.015040221624076366
   10   0 0 5.37502384185791 0.015333808027207851
   20   0 0 5.602834701538086 0.015283247455954552
   30   0 0 5.439357280731201 0.015347175300121307
   40   0 0 5.662177085876465 0.015260253101587296
   50   0 0 5.74674654006958 0.015199337154626846
   60   0 0 5.620380878448486 0.015254843980073929
   70   0 0 5.631710052490234 0.015210806392133236
   80   0 0 5.505643844604492 0.015187815763056278
   90   0 0 5.472278118133545 0.015326734632253647
   100   0 0 5.657855987548828 0.015188107267022133
   110   0 0 5.546567916870117 0.015294425189495087
   120   0 0 5.516860485076904 0.015429722145199776
   130   0 0 5.394112586975098 0.015276790596544743
   140   0 0 5.468327522277832 0.015302089974284172
   150   0 0 5.669577121734619 0.015255860053002834
Total Training Time: 7.3416379544470045 hours 
l_NEW: 0.001, l_JD : 0.0, l_FMD: 0.0, l_MSE: 1.0, d_penalty: 0.0, L: 2, z_dim: 1, bs: 64
| EPOCH |      PLF-JD     |      PLF-FMD    |      PLF-NEW    |      MSE        |
   1   0 0 5.529799938201904 0.015300090424716473
   10   0 0 5.5620012283325195 0.015238567255437374
   20   0 0 5.579771041870117 0.015197694301605225
   30   0 0 5.559064865112305 0.015257541090250015
   40   0 0 5.557936668395996 0.015153545886278152
   50   0 0 5.485804080963135 0.015247242525219917
   60   0 0 5.265331268310547 0.015242425724864006
   70   0 0 5.51201868057251 0.015252288430929184
   80   0 0 5.505926132202148 0.015253995545208454
   90   0 0 5.4892497062683105 0.015144589357078075
   100   0 0 5.525458335876465 0.015241198241710663
   110   0 0 5.251733303070068 0.015292261727154255
   120   0 0 5.4047346115112305 0.015239818021655083
   130   0 0 5.385417938232422 0.01533939503133297
   140   0 0 5.351938724517822 0.015296926721930504
   150   0 0 5.533914089202881 0.015253683552145958
Total Training Time: 7.6397314627303015 hours 
