l_NEW: 0.0, l_JD : 0.04, l_FMD: 0.0, l_MSE: 1.0, d_penalty: 0.0, L: 2, z_dim: 1, bs: 64
| EPOCH |      PLF-JD     |      PLF-FMD    |      PLF-NEW    |      MSE        |
   1   2.47151517868042 0 0 0.025063861161470413
   10   1.7637534141540527 0 0 0.025963008403778076
   20   1.6934914588928223 0 0 0.02666596509516239
   30   1.6752126216888428 0 0 0.02662828005850315
   40   1.6156072616577148 0 0 0.02722991071641445
   50   1.5385620594024658 0 0 0.027123993262648582
   60   1.5100796222686768 0 0 0.02719343826174736
   70   1.410542607307434 0 0 0.027128081768751144
   80   1.3565773963928223 0 0 0.02699013240635395
   90   1.3753924369812012 0 0 0.02688533067703247
   100   1.3552830219268799 0 0 0.02690262533724308
   110   1.3098371028900146 0 0 0.02681444026529789
   120   1.3250139951705933 0 0 0.02690778113901615
   130   1.2586236000061035 0 0 0.02692406065762043
   140   1.2857556343078613 0 0 0.026577278971672058
   150   1.2386175394058228 0 0 0.026854051277041435
Total Training Time: 7.561535965071784 hours 
l_NEW: 0.0, l_JD : 0.04, l_FMD: 0.0, l_MSE: 1.0, d_penalty: 0.0, L: 2, z_dim: 1, bs: 64
| EPOCH |      PLF-JD     |      PLF-FMD    |      PLF-NEW    |      MSE        |
   1   1.2719557285308838 0 0 0.02682516723871231
   10   1.2737220525741577 0 0 0.0268153864890337
   20   1.2351878881454468 0 0 0.027198530733585358
   30   1.2214688062667847 0 0 0.026696836575865746
   40   1.1695177555084229 0 0 0.026783330366015434
   50   1.228786587715149 0 0 0.02686265856027603
   60   1.2245618104934692 0 0 0.026457319036126137
   70   1.2343275547027588 0 0 0.02675500139594078
   80   1.2359620332717896 0 0 0.02658245898783207
   90   1.1963779926300049 0 0 0.026773842051625252
   100   1.2102344036102295 0 0 0.0265891682356596
   110   1.2237693071365356 0 0 0.026738222688436508
   120   1.2279361486434937 0 0 0.0266789048910141
   130   1.2331551313400269 0 0 0.02658306621015072
   140   1.1718379259109497 0 0 0.02657981961965561
   150   1.1909388303756714 0 0 0.026571951806545258
Total Training Time: 7.649555562204784 hours 
