l_NEW: 0.0, l_JD : 0.025, l_FMD: 0.0, l_MSE: 1.0, d_penalty: 0.0, L: 2, z_dim: 2, bs: 64
| EPOCH |      PLF-JD     |      PLF-FMD    |      PLF-NEW    |      MSE        |
   1   3.376938819885254 0 0 0.02128206379711628
   10   2.9121365547180176 0 0 0.022475311532616615
   20   3.17761492729187 0 0 0.023046402260661125
   30   3.365877151489258 0 0 0.02274235337972641
   40   3.46608304977417 0 0 0.022664403542876244
   50   3.6692841053009033 0 0 0.021646179258823395
   60   3.608417510986328 0 0 0.02218444086611271
   70   3.660633087158203 0 0 0.02212817594408989
   80   3.6193435192108154 0 0 0.02178318426012993
   90   3.6603777408599854 0 0 0.021251944825053215
   100   3.6987080574035645 0 0 0.02148033119738102
   110   3.6653027534484863 0 0 0.021357933059334755
   120   3.794938564300537 0 0 0.021264998242259026
   130   3.7864651679992676 0 0 0.021116020157933235
   140   3.7976224422454834 0 0 0.020998701453208923
   150   3.8017325401306152 0 0 0.020892299711704254
   160   3.7756168842315674 0 0 0.021044237539172173
   170   3.7099411487579346 0 0 0.021189838647842407
   180   3.76350736618042 0 0 0.020783964544534683
   190   3.74044132232666 0 0 0.020676815882325172
   200   3.7291040420532227 0 0 0.02065313048660755
   210   3.7518515586853027 0 0 0.020503073930740356
   220   3.799252510070801 0 0 0.020586295053362846
   230   3.7942636013031006 0 0 0.02060113102197647
   240   3.784205198287964 0 0 0.020662223920226097
l_NEW: 0.0, l_JD : 0.025, l_FMD: 0.0, l_MSE: 1.0, d_penalty: 0.0, L: 2, z_dim: 2, bs: 64
| EPOCH |      PLF-JD     |      PLF-FMD    |      PLF-NEW    |      MSE        |
   1   3.762827157974243 0 0 0.020381402224302292
   10   3.7821719646453857 0 0 0.020287835970520973
   20   3.803734540939331 0 0 0.020402394235134125
   30   3.8304786682128906 0 0 0.020542172715067863
   40   3.79954195022583 0 0 0.020287835970520973
   50   3.796010971069336 0 0 0.020237252116203308
   60   3.8497815132141113 0 0 0.02051595039665699
Total Training Time: 3.004683205286662 hours 
