l_NEW: 0.0, l_JD : 0.08, l_FMD: 0.0, l_MSE: 1.0, d_penalty: 0.0,step:15, L: 2, z_dim: 1, bs: 64, bit_rate: 2, s_b: False
| EPOCH |      PLF-JD     |      PLF-FMD    |      PLF-NEW    |      MSE        |
   1   4.127660751342773 0 0 0.026657577604055405
   10   3.431489944458008 0 0 0.029146326705813408
   20   3.0771450996398926 0 0 0.028245266526937485
   30   2.682173728942871 0 0 0.029675254598259926
   40   2.5902256965637207 0 0 0.030816445127129555
   50   2.4522879123687744 0 0 0.0299896989017725
   60   2.341390371322632 0 0 0.0328688770532608
   70   2.21720027923584 0 0 0.030426811426877975
   80   2.220547676086426 0 0 0.030368732288479805
   90   2.2978806495666504 0 0 0.031011739745736122
   100   2.3532915115356445 0 0 0.030885621905326843
   110   2.419665813446045 0 0 0.03182032331824303
   120   2.3068583011627197 0 0 0.030888978391885757
   130   2.386047601699829 0 0 0.03196778893470764
   140   2.4055566787719727 0 0 0.03140655905008316
   150   2.3428597450256348 0 0 0.031486522406339645
Total Training Time: 6.601936493052377 hours 
l_NEW: 0.0, l_JD : 0.08, l_FMD: 0.0, l_MSE: 1.0, d_penalty: 0.0,step:15, L: 2, z_dim: 1, bs: 64, bit_rate: 2, s_b: False
| EPOCH |      PLF-JD     |      PLF-FMD    |      PLF-NEW    |      MSE        |
   1   2.471757650375366 0 0 0.03132926672697067
   10   2.3716061115264893 0 0 0.03134607523679733
   20   2.4082655906677246 0 0 0.030811142176389694
   30   2.3636488914489746 0 0 0.03189677745103836
   40   2.297335624694824 0 0 0.031051089987158775
   50   2.2190232276916504 0 0 0.031073249876499176
   60   2.190849542617798 0 0 0.031407251954078674
   70   2.1716549396514893 0 0 0.0318455770611763
   80   2.1218442916870117 0 0 0.03145953640341759
   90   2.095371723175049 0 0 0.031676437705755234
   100   2.0331437587738037 0 0 0.03217083588242531
   110   2.0540292263031006 0 0 0.032170556485652924
   120   2.0730600357055664 0 0 0.032346270978450775
   130   1.9256047010421753 0 0 0.031983621418476105
   140   1.8694700002670288 0 0 0.032665420323610306
   150   1.8331012725830078 0 0 0.03212771192193031
Total Training Time: 6.617631323602464 hours 
l_NEW: 0.0, l_JD : 0.08, l_FMD: 0.0, l_MSE: 1.0, d_penalty: 0.0,step:15, L: 2, z_dim: 1, bs: 64, bit_rate: 2, s_b: False
| EPOCH |      PLF-JD     |      PLF-FMD    |      PLF-NEW    |      MSE        |
   1   1.894647240638733 0 0 0.03209473937749863
   10   1.875056505203247 0 0 0.03230343014001846
   20   1.751120924949646 0 0 0.03198324888944626
   30   1.7232956886291504 0 0 0.03165107220411301
   40   1.682950735092163 0 0 0.032544251531362534
   50   1.6632435321807861 0 0 0.03212708234786987
   60   1.6112676858901978 0 0 0.03238360211253166
   70   1.5881136655807495 0 0 0.03255496919155121
   80   1.6207271814346313 0 0 0.032466597855091095
   90   1.5839825868606567 0 0 0.03305138275027275
   100   1.5152840614318848 0 0 0.03313582390546799
   110   1.4939199686050415 0 0 0.03243572264909744
   120   1.4378184080123901 0 0 0.03307773917913437
   130   1.4039291143417358 0 0 0.03233177587389946
   140   1.4184430837631226 0 0 0.032648421823978424
   150   1.3657411336898804 0 0 0.03226465731859207
Total Training Time: 6.569226290120019 hours 
