l_NEW: 0.0, l_JD : 0.08, l_FMD: 0.0, l_MSE: 1.0, d_penalty: 0.0, L: 2, z_dim: 8, bs: 64
| EPOCH |      PLF-JD     |      PLF-FMD    |      PLF-NEW    |      MSE        |
l_NEW: 0.0, l_JD : 0.08, l_FMD: 0.0, l_MSE: 1.0, d_penalty: 0.0, L: 2, z_dim: 8, bs: 64
| EPOCH |      PLF-JD     |      PLF-FMD    |      PLF-NEW    |      MSE        |
   1   2.9913439750671387 0 0 0.01865634135901928
   10   1.94363534450531 0 0 0.023831775411963463
   20   1.639438509941101 0 0 0.02380669303238392
   30   1.5937721729278564 0 0 0.02387884072959423
   40   1.6039906740188599 0 0 0.023928537964820862
   50   1.5418164730072021 0 0 0.02361515909433365
   60   1.4715838432312012 0 0 0.024033596739172935
   70   1.4622747898101807 0 0 0.023877613246440887
   80   1.3996071815490723 0 0 0.023903990164399147
   90   1.3733413219451904 0 0 0.0242924727499485
   100   1.3815101385116577 0 0 0.02392573282122612
   110   1.2845290899276733 0 0 0.023730861023068428
   120   1.33737051486969 0 0 0.023699436336755753
   130   1.2965202331542969 0 0 0.023901183158159256
   140   1.3063939809799194 0 0 0.023893365636467934
   150   1.3025074005126953 0 0 0.024011429399251938
   160   1.2513655424118042 0 0 0.02405158430337906
   170   1.2605000734329224 0 0 0.02406119741499424
   180   1.2678403854370117 0 0 0.023970050737261772
   190   1.2327516078948975 0 0 0.024043796584010124
   200   1.227157711982727 0 0 0.023917095735669136
   210   1.2709461450576782 0 0 0.023700594902038574
   220   1.241194486618042 0 0 0.02374686300754547
   230   1.215542197227478 0 0 0.023900635540485382
   240   1.1928566694259644 0 0 0.023745372891426086
l_NEW: 0.0, l_JD : 0.08, l_FMD: 0.0, l_MSE: 1.0, d_penalty: 0.0, L: 2, z_dim: 8, bs: 64
| EPOCH |      PLF-JD     |      PLF-FMD    |      PLF-NEW    |      MSE        |
   1   1.201442837715149 0 0 0.02400386519730091
   10   1.1887060403823853 0 0 0.023780513554811478
   20   1.1553188562393188 0 0 0.023982785642147064
   30   1.1658121347427368 0 0 0.023864880204200745
   40   1.1710888147354126 0 0 0.0237580593675375
   50   1.17690110206604 0 0 0.023731524124741554
   60   1.160498857498169 0 0 0.023562880232930183
Total Training Time: 2.8383301114373736 hours 
