l_NEW: 0.08, l_JD : 0.0, l_FMD: 0.0, l_MSE: 1.0, d_penalty: 0.0, L: 2, z_dim: 6, bs: 64
| EPOCH |      PLF-JD     |      PLF-FMD    |      PLF-NEW    |      MSE        |
   1   0 0 1.579290747642517 0.016817346215248108
   10   0 0 1.2345105409622192 0.018231594935059547
   20   0 0 1.2016361951828003 0.017763780429959297
   30   0 0 1.212401032447815 0.01797879859805107
   40   0 0 1.1895391941070557 0.017345432192087173
   50   0 0 1.1527493000030518 0.017555804923176765
   60   0 0 1.1857898235321045 0.017258120700716972
   70   0 0 1.1045739650726318 0.01746741123497486
   80   0 0 1.10494065284729 0.017508449032902718
   90   0 0 1.0427623987197876 0.017697332426905632
   100   0 0 1.017215609550476 0.01795361377298832
   110   0 0 0.9795075058937073 0.017907720059156418
   120   0 0 0.9868513345718384 0.017768174409866333
   130   0 0 0.9947924017906189 0.01801278442144394
   140   0 0 0.9792531728744507 0.01794350892305374
   150   0 0 0.9461525678634644 0.01791166514158249
Total Training Time: 7.570171439117855 hours 
l_NEW: 0.08, l_JD : 0.0, l_FMD: 0.0, l_MSE: 1.0, d_penalty: 0.0, L: 2, z_dim: 6, bs: 64
| EPOCH |      PLF-JD     |      PLF-FMD    |      PLF-NEW    |      MSE        |
   1   0 0 0.9517402648925781 0.018141932785511017
   10   0 0 0.9511238932609558 0.018035542219877243
   20   0 0 0.909587025642395 0.017761848866939545
   30   0 0 0.9418500661849976 0.017984408885240555
   40   0 0 0.9108472466468811 0.01833117939531803
   50   0 0 0.9186967015266418 0.017984990030527115
   60   0 0 0.8591534495353699 0.018083922564983368
   70   0 0 0.8989802598953247 0.01799204759299755
   80   0 0 0.9062120914459229 0.01791726052761078
   90   0 0 0.8642696738243103 0.018287992104887962
   100   0 0 0.8285229802131653 0.018049616366624832
   110   0 0 0.8389602899551392 0.017994679510593414
   120   0 0 0.8645433783531189 0.01815144158899784
   130   0 0 0.803265392780304 0.018192961812019348
   140   0 0 0.8167435526847839 0.018088093027472496
   150   0 0 0.7854282259941101 0.017994167283177376
Total Training Time: 7.576705965995789 hours 
