l_NEW: 0.0, l_JD : 0.0, l_FMD: 0.001, l_MSE: 1.0, d_penalty: 0.0, L: 2, z_dim: 1, bs: 64
| EPOCH |      PLF-JD     |      PLF-FMD    |      PLF-NEW    |      MSE        |
l_NEW: 0.0, l_JD : 0.0, l_FMD: 0.001, l_MSE: 1.0, d_penalty: 0.0, L: 2, z_dim: 1, bs: 64
| EPOCH |      PLF-JD     |      PLF-FMD    |      PLF-NEW    |      MSE        |
   1   0 5.879994869232178 0 0.015037218108773232
   10   0 5.410742282867432 0 0.01522225234657526
   20   0 5.429905414581299 0 0.015285775065422058
   30   0 5.613271713256836 0 0.015305315144360065
   40   0 5.705079555511475 0 0.015223227441310883
   50   0 5.48308801651001 0 0.015311727300286293
   60   0 5.407808303833008 0 0.015277578495442867
   70   0 5.150218963623047 0 0.01524839736521244
   80   0 5.325226783752441 0 0.015232046134769917
   90   0 5.59598970413208 0 0.015254337340593338
   100   0 5.516373634338379 0 0.015257456339895725
   110   0 5.526754856109619 0 0.015199891291558743
   120   0 5.310494422912598 0 0.015348360873758793
   130   0 5.228853225708008 0 0.015237372368574142
   140   0 5.1569437980651855 0 0.015320874750614166
   150   0 5.378251075744629 0 0.015281294472515583
   160   0 5.402531147003174 0 0.01517410296946764
   170   0 5.203582763671875 0 0.015286057256162167
   180   0 5.340512752532959 0 0.015281852334737778
   190   0 5.369751930236816 0 0.015282068401575089
   200   0 5.095493793487549 0 0.015325094573199749
   210   0 5.217638969421387 0 0.015282287262380123
   220   0 5.400380611419678 0 0.015235052444040775
   230   0 5.301219940185547 0 0.0152671467512846
   240   0 5.347726821899414 0 0.015301444567739964
   250   0 5.163327693939209 0 0.015252764336764812
Total Training Time: 11.56135272761186 hours 
l_NEW: 0.0, l_JD : 0.0, l_FMD: 0.001, l_MSE: 1.0, d_penalty: 0.0, L: 2, z_dim: 1, bs: 64
| EPOCH |      PLF-JD     |      PLF-FMD    |      PLF-NEW    |      MSE        |
   1   0 5.353779315948486 0 0.015282162465155125
   10   0 5.536951065063477 0 0.015251082368195057
   20   0 5.057784080505371 0 0.015291380695998669
   30   0 5.133524417877197 0 0.015334866009652615
   40   0 5.149290084838867 0 0.015308915637433529
   50   0 5.175347805023193 0 0.015287745743989944
Total Training Time: 2.40886193798648 hours 
