l_NEW: 0.0, l_JD : 0.008, l_FMD: 0.0, l_MSE: 1.0, d_penalty: 0.0, L: 2, z_dim: 4, bs: 64
| EPOCH |      PLF-JD     |      PLF-FMD    |      PLF-NEW    |      MSE        |
   1   3.0205698013305664 0 0 0.016953427344560623
   10   2.1091651916503906 0 0 0.019444525241851807
   20   1.9481898546218872 0 0 0.020130330696702003
   30   1.8274856805801392 0 0 0.02057339809834957
   40   1.818618655204773 0 0 0.020722080022096634
   50   1.6718451976776123 0 0 0.021215729415416718
   60   1.6916078329086304 0 0 0.020811887457966805
   70   1.6765657663345337 0 0 0.021352864801883698
   80   1.6214011907577515 0 0 0.020749105140566826
   90   1.570637583732605 0 0 0.02126513421535492
   100   1.5542380809783936 0 0 0.021277843043208122
   110   1.5093110799789429 0 0 0.02108643390238285
   120   1.5063804388046265 0 0 0.02128078043460846
   130   1.4333540201187134 0 0 0.021131297573447227
   140   1.5209910869598389 0 0 0.021071137860417366
   150   1.5384258031845093 0 0 0.020950259640812874
Total Training Time: 7.403298166261779 hours 
l_NEW: 0.0, l_JD : 0.008, l_FMD: 0.0, l_MSE: 1.0, d_penalty: 0.0, L: 2, z_dim: 4, bs: 64
| EPOCH |      PLF-JD     |      PLF-FMD    |      PLF-NEW    |      MSE        |
   1   1.5279723405838013 0 0 0.020855138078331947
