l_NEW: 0.003, l_JD : 0.0, l_FMD: 0.0, l_MSE: 1.0, d_penalty: 0.0, L: 2, z_dim: 6, bs: 64
| EPOCH |      PLF-JD     |      PLF-FMD    |      PLF-NEW    |      MSE        |
   1   0 0 2.32517409324646 0.011763875372707844
   10   0 0 1.851900339126587 0.012419980950653553
   20   0 0 1.7404743432998657 0.012569212354719639
   30   0 0 1.7032262086868286 0.01268975529819727
   40   0 0 1.7730673551559448 0.01267101988196373
   50   0 0 1.6674792766571045 0.012805497273802757
   60   0 0 1.6669169664382935 0.012712657451629639
   70   0 0 1.6881591081619263 0.012765225023031235
   80   0 0 1.6798995733261108 0.01273060031235218
   90   0 0 1.557010531425476 0.012809516862034798
   100   0 0 1.6792112588882446 0.012736540287733078
   110   0 0 1.54422128200531 0.012869047001004219
   120   0 0 1.5855414867401123 0.012772656977176666
   130   0 0 1.5650399923324585 0.012875307351350784
   140   0 0 1.5993670225143433 0.012890570797026157
   150   0 0 1.5075753927230835 0.01288224384188652
Total Training Time: 7.438149484594663 hours 
l_NEW: 0.003, l_JD : 0.0, l_FMD: 0.0, l_MSE: 1.0, d_penalty: 0.0, L: 2, z_dim: 6, bs: 64
| EPOCH |      PLF-JD     |      PLF-FMD    |      PLF-NEW    |      MSE        |
   1   0 0 1.6061649322509766 0.012860395014286041
   10   0 0 1.5618054866790771 0.012743948958814144
   20   0 0 1.5511524677276611 0.012796999886631966
   30   0 0 1.5173213481903076 0.01294942107051611
   40   0 0 1.510225772857666 0.012881875038146973
   50   0 0 1.4973764419555664 0.012874362990260124
   60   0 0 1.51670503616333 0.012783510610461235
   70   0 0 1.4749449491500854 0.012919306755065918
   80   0 0 1.4245802164077759 0.012893624603748322
   90   0 0 1.4954231977462769 0.012814299203455448
   100   0 0 1.3440666198730469 0.013015407137572765
   110   0 0 1.5007705688476562 0.012764712795615196
   120   0 0 1.4276198148727417 0.01292513683438301
   130   0 0 1.3753366470336914 0.012996561825275421
   140   0 0 1.371827483177185 0.013062193058431149
   150   0 0 1.3620020151138306 0.012892509810626507
Total Training Time: 7.647375121447775 hours 
