l_NEW: 0.0, l_JD : 0.02, l_FMD: 0.0, l_MSE: 1.0,step: 15, d_penalty: 0.0, L: 2, z_dim: 1-4, bs: 64
| EPOCH |      PLF-JD     |      PLF-FMD    |      PLF-NEW    |      MSE        |
   1   2.7623021602630615 0 0 0.01877569779753685
   10   2.253807306289673 0 0 0.02017209120094776
   20   2.009140968322754 0 0 0.021350910887122154
   30   1.994257926940918 0 0 0.021720649674534798
   40   2.0122456550598145 0 0 0.022014589980244637
   50   1.966376543045044 0 0 0.021848365664482117
   60   2.034231424331665 0 0 0.021670255810022354
   70   1.9493244886398315 0 0 0.022254107519984245
   80   1.9461086988449097 0 0 0.02240011841058731
   90   1.9212992191314697 0 0 0.02215055376291275
   100   1.9253859519958496 0 0 0.02179735153913498
   110   1.8755755424499512 0 0 0.02198883704841137
   120   1.858553171157837 0 0 0.021650882437825203
   130   1.8747891187667847 0 0 0.021666962653398514
l_NEW: 0.0, l_JD : 0.02, l_FMD: 0.0, l_MSE: 1.0,step: 15, d_penalty: 0.0, L: 2, z_dim: 1-4, bs: 64
| EPOCH |      PLF-JD     |      PLF-FMD    |      PLF-NEW    |      MSE        |
   1   1.9079644680023193 0 0 0.021826110780239105
   10   1.8232046365737915 0 0 0.02195502445101738
   20   1.8145358562469482 0 0 0.02188839763402939
   30   1.8234244585037231 0 0 0.02160484902560711
   40   1.7795286178588867 0 0 0.02167544513940811
   50   1.746077299118042 0 0 0.02170417085289955
   60   1.81148362159729 0 0 0.021719101816415787
   70   1.7671942710876465 0 0 0.021571921184659004
   80   1.7835105657577515 0 0 0.021795039996504784
   90   1.7215367555618286 0 0 0.021796926856040955
   100   1.679147481918335 0 0 0.021569563075900078
   110   1.7749630212783813 0 0 0.02150292694568634
   120   1.7104451656341553 0 0 0.021670902147889137
   130   1.7200675010681152 0 0 0.021276919171214104
l_NEW: 0.0, l_JD : 0.02, l_FMD: 0.0, l_MSE: 1.0,step: 15, d_penalty: 0.0, L: 2, z_dim: 1-4, bs: 64
| EPOCH |      PLF-JD     |      PLF-FMD    |      PLF-NEW    |      MSE        |
   1   1.750425100326538 0 0 0.021853242069482803
   10   1.7500646114349365 0 0 0.02118770405650139
   20   1.7520581483840942 0 0 0.021245574578642845
   30   1.7069488763809204 0 0 0.021663332358002663
   40   1.7348191738128662 0 0 0.021617302671074867
   50   1.7182811498641968 0 0 0.02144276164472103
   60   1.6614385843276978 0 0 0.021397646516561508
   70   1.628366231918335 0 0 0.021528270095586777
   80   1.6140446662902832 0 0 0.021483207121491432
   90   1.624394178390503 0 0 0.021570337936282158
   100   1.663244605064392 0 0 0.02138778567314148
   110   1.6307942867279053 0 0 0.021485721692442894
   120   1.625630497932434 0 0 0.02117910422384739
   130   1.6380971670150757 0 0 0.02160409837961197
l_NEW: 0.0, l_JD : 0.02, l_FMD: 0.0, l_MSE: 1.0,step: 15, d_penalty: 0.0, L: 2, z_dim: 1-4, bs: 64
| EPOCH |      PLF-JD     |      PLF-FMD    |      PLF-NEW    |      MSE        |
   1   1.6704856157302856 0 0 0.02143578603863716
   10   1.6633496284484863 0 0 0.02138523757457733
   20   1.60579252243042 0 0 0.021480118855834007
   30   1.6880640983581543 0 0 0.02123470976948738
   40   1.6344449520111084 0 0 0.021400300785899162
   50   1.6672916412353516 0 0 0.021083056926727295
   60   1.6067479848861694 0 0 0.021266261115670204
Total Training Time: 3.5567208991448083 hours 
