l_NEW: 0.0, l_JD : 0.002, l_FMD: 0.0, l_MSE: 1.0, d_penalty: 0.0, L: 2, z_dim: 4, bs: 64
| EPOCH |      PLF-JD     |      PLF-FMD    |      PLF-NEW    |      MSE        |
   1   4.749249458312988 0 0 0.012469383887946606
   10   4.21019983291626 0 0 0.013200601562857628
   20   4.060664176940918 0 0 0.013354538939893246
   30   4.04400110244751 0 0 0.013433546759188175
   40   3.915797472000122 0 0 0.013573280535638332
   50   3.942934989929199 0 0 0.01367329154163599
   60   3.8926680088043213 0 0 0.013751442544162273
   70   3.8410885334014893 0 0 0.013781940564513206
   80   3.922922372817993 0 0 0.013755559921264648
   90   3.9651806354522705 0 0 0.01380553375929594
   100   3.9014225006103516 0 0 0.013822883367538452
   110   3.9536986351013184 0 0 0.01386679895222187
   120   3.9507627487182617 0 0 0.013819437474012375
   130   3.900574207305908 0 0 0.013926816172897816
   140   3.854135513305664 0 0 0.014060216024518013
   150   3.9790892601013184 0 0 0.013919954188168049
Total Training Time: 7.309973790579372 hours 
l_NEW: 0.0, l_JD : 0.002, l_FMD: 0.0, l_MSE: 1.0, d_penalty: 0.0, L: 2, z_dim: 4, bs: 64
| EPOCH |      PLF-JD     |      PLF-FMD    |      PLF-NEW    |      MSE        |
   1   3.8921217918395996 0 0 0.013872289098799229
   10   3.8359062671661377 0 0 0.013942074961960316
   20   3.888551950454712 0 0 0.013964712619781494
   30   3.8451154232025146 0 0 0.013989115133881569
   40   3.896355628967285 0 0 0.013894905336201191
   50   3.8255834579467773 0 0 0.013983952812850475
   60   3.852708578109741 0 0 0.013939406722784042
   70   3.8504154682159424 0 0 0.013986673206090927
   80   3.9690730571746826 0 0 0.01396570447832346
   90   3.811630964279175 0 0 0.014103200286626816
   100   3.817695140838623 0 0 0.014012256637215614
   110   3.743434190750122 0 0 0.01389507669955492
   120   3.749600887298584 0 0 0.014107932336628437
   130   3.784301996231079 0 0 0.014148359186947346
   140   3.7397851943969727 0 0 0.014048423618078232
   150   3.6822783946990967 0 0 0.014200002886354923
Total Training Time: 7.308401253223419 hours 
