l_NEW: 0.02, l_JD : 0.0, l_FMD: 0.0, l_MSE: 1.0, d_penalty: 0.0, L: 2, z_dim: 1, bs: 64, bit_rate: 2, s_b: False
| EPOCH |      PLF-JD     |      PLF-FMD    |      PLF-NEW    |      MSE        |
   1   0 0 1.6744731664657593 0.01618541218340397
   10   0 0 1.2406648397445679 0.016789894551038742
   20   0 0 1.1329782009124756 0.01678144559264183
   30   0 0 1.0684514045715332 0.017146753147244453
   40   0 0 1.0433353185653687 0.016930539160966873
   50   0 0 1.026280403137207 0.017486903816461563
   60   0 0 1.0404568910598755 0.01775757409632206
   70   0 0 1.0341951847076416 0.01983015239238739
   80   0 0 0.9928472638130188 0.02014569193124771
   90   0 0 0.9907828569412231 0.01963040605187416
   100   0 0 0.985766589641571 0.018600480630993843
   110   0 0 0.9818586707115173 0.019856097176671028
   120   0 0 0.9895877838134766 0.018801024183630943
   130   0 0 0.9676765203475952 0.018651407212018967
   140   0 0 0.9467841386795044 0.018977660685777664
   150   0 0 0.9252042770385742 0.019873183220624924
   160   0 0 0.9535349011421204 0.020660588517785072
   170   0 0 0.9129453301429749 0.020952055230736732
   180   0 0 0.9639424085617065 0.020809805020689964
   190   0 0 0.9458591341972351 0.020656755194067955
   200   0 0 0.9239198565483093 0.020084038376808167
   210   0 0 0.9468397498130798 0.019450059160590172
   220   0 0 0.8860212564468384 0.019659919664263725
   230   0 0 0.9220779538154602 0.019832106307148933
   240   0 0 0.8886194229125977 0.020506002008914948
   250   0 0 0.9006567597389221 0.01998276636004448
   260   0 0 0.8931517004966736 0.020444786176085472
   270   0 0 0.887837290763855 0.020483139902353287
   280   0 0 0.8968376517295837 0.019998734816908836
   290   0 0 0.8726836442947388 0.020379645749926567
   300   0 0 0.8795042037963867 0.019594235345721245
Total Training Time: 13.38440169731776 hours 
