l_NEW: 0.0, l_JD : 0.0, l_FMD: 0.025, l_MSE: 1.0, d_penalty: 0.0, L: 2, z_dim: 2, bs: 64
| EPOCH |      PLF-JD     |      PLF-FMD    |      PLF-NEW    |      MSE        |
   1   0 2.988889455795288 0 0.02078031562268734
   10   0 1.6160955429077148 0 0.02299903705716133
   20   0 1.387305736541748 0 0.023309847339987755
   30   0 1.3566385507583618 0 0.023671429604291916
   40   0 1.378712773323059 0 0.023606495931744576
   50   0 1.290231704711914 0 0.023672761395573616
   60   0 1.2304283380508423 0 0.023850446566939354
   70   0 1.1982098817825317 0 0.02336677722632885
   80   0 1.1068086624145508 0 0.023955294862389565
   90   0 1.0742353200912476 0 0.023821163922548294
   100   0 1.0345665216445923 0 0.024035600945353508
   110   0 0.97508704662323 0 0.024060986936092377
   120   0 0.9963069558143616 0 0.02335979789495468
   130   0 0.8959159851074219 0 0.024082046002149582
   140   0 0.8950878977775574 0 0.02370529994368553
   150   0 0.8728556036949158 0 0.023343687877058983
   160   0 0.8801143169403076 0 0.023739058524370193
   170   0 0.8718571066856384 0 0.023270443081855774
   180   0 0.8228858113288879 0 0.023469572886824608
   190   0 0.7329992055892944 0 0.024308333173394203
   200   0 0.7808452844619751 0 0.023833736777305603
   210   0 0.7754943370819092 0 0.02327096089720726
   220   0 0.7264401912689209 0 0.023654630407691002
   230   0 0.7118123769760132 0 0.023921340703964233
   240   0 0.6822472214698792 0 0.023640358820557594
   250   0 0.7119042873382568 0 0.023403309285640717
   260   0 0.6626160740852356 0 0.023571040481328964
   270   0 0.6710054874420166 0 0.02340330183506012
   280   0 0.6759512424468994 0 0.023381300270557404
   290   0 0.6257838010787964 0 0.02390793152153492
   300   0 0.6245162487030029 0 0.02372650057077408
Total Training Time: 14.06255734609233 hours 
