l_NEW: 0.008, l_JD : 0.0, l_FMD: 0.0, l_MSE: 1.0, d_penalty: 0.0, L: 2, z_dim: 6, bs: 64
| EPOCH |      PLF-JD     |      PLF-FMD    |      PLF-NEW    |      MSE        |
   1   0 0 1.7013033628463745 0.01374060194939375
   10   0 0 1.3171451091766357 0.014630691148340702
   20   0 0 1.2726739645004272 0.014516344293951988
   30   0 0 1.2266119718551636 0.014347239397466183
   40   0 0 1.2691948413848877 0.014430750161409378
   50   0 0 1.2336845397949219 0.01440524123609066
   60   0 0 1.1543078422546387 0.014576748013496399
   70   0 0 1.2332837581634521 0.014484736137092113
   80   0 0 1.2113754749298096 0.014323662035167217
   90   0 0 1.1943223476409912 0.014416380785405636
   100   0 0 1.1351220607757568 0.014295823872089386
   110   0 0 1.1837773323059082 0.014271427877247334
   120   0 0 1.1173913478851318 0.01447391789406538
   130   0 0 1.1673134565353394 0.01429043710231781
   140   0 0 1.100698709487915 0.014497530646622181
   150   0 0 1.1382042169570923 0.014374436810612679
Total Training Time: 7.478899718721707 hours 
l_NEW: 0.008, l_JD : 0.0, l_FMD: 0.0, l_MSE: 1.0, d_penalty: 0.0, L: 2, z_dim: 6, bs: 64
| EPOCH |      PLF-JD     |      PLF-FMD    |      PLF-NEW    |      MSE        |
   1   0 0 1.077728033065796 0.014674671925604343
   10   0 0 1.0906111001968384 0.014516377821564674
   20   0 0 1.0750551223754883 0.014325549826025963
   30   0 0 1.0762954950332642 0.014450043439865112
   40   0 0 1.0654348134994507 0.014398686587810516
   50   0 0 1.0313165187835693 0.01450983714312315
   60   0 0 0.9945605993270874 0.014583286829292774
   70   0 0 1.0466762781143188 0.014383407309651375
   80   0 0 0.9983312487602234 0.01455609779804945
   90   0 0 0.9815778136253357 0.01461050845682621
   100   0 0 1.0101090669631958 0.014326529577374458
   110   0 0 0.9625687003135681 0.014616129919886589
   120   0 0 0.9899518489837646 0.014487575739622116
   130   0 0 1.016103744506836 0.014447118155658245
   140   0 0 0.9605886936187744 0.014507823623716831
   150   0 0 0.9596675038337708 0.014455225318670273
Total Training Time: 7.610908663670222 hours 
