l_NEW: 0.0, l_JD : 1e-06, l_FMD: 0.0, l_MSE: 1.0, d_penalty: 0.0,step:[24, 6], L: 2, z_dim: 1, bs: 64, bit_rate: 2, s_b: False
| EPOCH |      PLF-JD     |      PLF-FMD    |      PLF-NEW    |      MSE        |
   1   0.43150952458381653 0 0 0.0009372705244459212
   10   0.6350839138031006 0 0 0.0009156031883321702
   20   0.6638101935386658 0 0 0.0008819822105579078
   30   0.6744032502174377 0 0 0.0008768836851231754
   40   0.7227453589439392 0 0 0.0008694819989614189
   50   0.7207200527191162 0 0 0.0008266930817626417
   60   0.7038775682449341 0 0 0.0008498951210640371
   70   0.7262107729911804 0 0 0.0008830823935568333
   80   0.73056560754776 0 0 0.0008172262459993362
   90   0.7197509407997131 0 0 0.0008469894528388977
   100   0.7369433045387268 0 0 0.0010264419252052903
   110   0.7313533425331116 0 0 0.0007859781617298722
   120   0.7338811159133911 0 0 0.0007726739859208465
   130   0.733470618724823 0 0 0.0008022518013603985
   140   0.7491728067398071 0 0 0.0007901414064690471
   150   0.7257582545280457 0 0 0.0008496291120536625
   160   0.7564537525177002 0 0 0.0008470718166790903
   170   0.732581377029419 0 0 0.0007400825270451605
   180   0.7630190253257751 0 0 0.0008579011773690581
   190   0.7459936738014221 0 0 0.0007870543631725013
   200   0.7499814629554749 0 0 0.000749898434150964
   210   0.747279942035675 0 0 0.0007612424087710679
   220   0.75135737657547 0 0 0.0007071506115607917
   230   0.7228618860244751 0 0 0.0007112701423466206
   240   0.7601425647735596 0 0 0.0008302471833303571
   250   0.7235895991325378 0 0 0.0006950236274860799
   260   0.7522639632225037 0 0 0.0006918509025126696
   270   0.747266948223114 0 0 0.0006993288989178836
   280   0.7796670198440552 0 0 0.0007191718905232847
   290   0.7366436719894409 0 0 0.0007509358110837638
   300   0.7283138036727905 0 0 0.0006875750259496272
Total Training Time: 7.1718148187134005 hours 
