l_NEW: 0.02, l_JD : 0.0, l_FMD: 0.0, l_MSE: 1.0,step: 15, d_penalty: 0.0, L: 2, z_dim: 1-4, bs: 64
| EPOCH |      PLF-JD     |      PLF-FMD    |      PLF-NEW    |      MSE        |
l_NEW: 0.02, l_JD : 0.0, l_FMD: 0.0, l_MSE: 1.0,step: 15, d_penalty: 0.0, L: 2, z_dim: 1-4, bs: 64
| EPOCH |      PLF-JD     |      PLF-FMD    |      PLF-NEW    |      MSE        |
   1   0 0 2.6305134296417236 0.018524648621678352
   10   0 0 1.8986016511917114 0.019397420808672905
   20   0 0 1.670296311378479 0.019600994884967804
   30   0 0 1.688014030456543 0.019805626943707466
   40   0 0 1.72751784324646 0.019531624391674995
   50   0 0 1.715165138244629 0.01959390752017498
   60   0 0 1.7218116521835327 0.01905905455350876
   70   0 0 1.6606899499893188 0.019464900717139244
   80   0 0 1.6718595027923584 0.0191188994795084
   90   0 0 1.608551025390625 0.018915042281150818
   100   0 0 1.6039382219314575 0.018816767260432243
   110   0 0 1.5731751918792725 0.019024087116122246
   120   0 0 1.553114891052246 0.018692338839173317
   130   0 0 1.5126091241836548 0.018650205805897713
   140   0 0 1.4229075908660889 0.018797626718878746
   150   0 0 1.442009449005127 0.018647901713848114
   160   0 0 1.4015578031539917 0.01862594485282898
   170   0 0 1.3803143501281738 0.018569622188806534
   180   0 0 1.3654916286468506 0.018535705283284187
   190   0 0 1.3605371713638306 0.018578922376036644
   200   0 0 1.3651920557022095 0.018581802025437355
l_NEW: 0.02, l_JD : 0.0, l_FMD: 0.0, l_MSE: 1.0,step: 15, d_penalty: 0.0, L: 2, z_dim: 1-4, bs: 64
| EPOCH |      PLF-JD     |      PLF-FMD    |      PLF-NEW    |      MSE        |
   1   0 0 1.3671010732650757 0.018796151503920555
   10   0 0 1.3092039823532104 0.01869579218327999
   20   0 0 1.2992594242095947 0.01842460222542286
   30   0 0 1.2681130170822144 0.01844131387770176
   40   0 0 1.2292207479476929 0.018538622185587883
   50   0 0 1.1970865726470947 0.018507538363337517
   60   0 0 1.2084228992462158 0.018215535208582878
   70   0 0 1.1517789363861084 0.018112167716026306
   80   0 0 1.1641240119934082 0.01816883310675621
   90   0 0 1.1449389457702637 0.01836813986301422
   100   0 0 1.1201907396316528 0.018285270780324936
   110   0 0 1.1452968120574951 0.01804041862487793
   120   0 0 1.1005140542984009 0.01811002939939499
   130   0 0 1.0557562112808228 0.018347010016441345
   140   0 0 1.0963517427444458 0.018063189461827278
   150   0 0 1.0525639057159424 0.017973192036151886
   160   0 0 1.0026804208755493 0.018216699361801147
   170   0 0 1.0091583728790283 0.017977101728320122
   180   0 0 1.0175920724868774 0.017953503876924515
   190   0 0 0.9662539958953857 0.01801280304789543
   200   0 0 0.9569016695022583 0.01805138774216175
   210   0 0 0.986083447933197 0.017826654016971588
l_NEW: 0.02, l_JD : 0.0, l_FMD: 0.0, l_MSE: 1.0,step: 15, d_penalty: 0.0, L: 2, z_dim: 1-4, bs: 64
| EPOCH |      PLF-JD     |      PLF-FMD    |      PLF-NEW    |      MSE        |
   1   0 0 1.0087863206863403 0.01786966435611248
   10   0 0 0.9548745155334473 0.01793915219604969
   20   0 0 0.9339346885681152 0.01788349077105522
   30   0 0 0.9371297955513 0.017695127055048943
   40   0 0 0.9180916547775269 0.017725219950079918
Total Training Time: 2.23405183090104 hours 
