l_NEW: 0.0, l_JD : 0.0, l_FMD: 0.0, l_MSE: 1.0,step: 15, d_penalty: 0.0, L: 2, z_dim: 1-4, bs: 64
| EPOCH |      PLF-JD     |      PLF-FMD    |      PLF-NEW    |      MSE        |
   1   9.305400848388672 9.433241844177246 9.429713249206543 0.0177950169891119
   10   8.665292739868164 9.031512260437012 8.62614917755127 0.014119589701294899
   20   7.5603413581848145 7.454535484313965 7.703299045562744 0.013069923967123032
   30   7.540855407714844 7.456031799316406 7.062680721282959 0.012374860234558582
   40   7.140529632568359 7.005586624145508 6.905340671539307 0.011857382021844387
   50   6.774335861206055 6.603410720825195 6.67998743057251 0.011457153595983982
   60   6.557490348815918 6.196286678314209 6.2831220626831055 0.011192351579666138
   70   6.4360761642456055 5.955203056335449 5.960975646972656 0.010890113189816475
   80   6.418190956115723 5.984597682952881 5.82855749130249 0.010679928585886955
   90   6.0837507247924805 5.665565013885498 5.478789329528809 0.010533865541219711
   100   5.951167106628418 5.474033832550049 5.793989181518555 0.010368328541517258
Total Training Time: 13.45039082745711 hours 
