l_NEW: 0.0, l_JD : 0.0, l_FMD: 0.025, l_MSE: 1.0, d_penalty: 0.0, L: 2, z_dim: 8, bs: 64
| EPOCH |      PLF-JD     |      PLF-FMD    |      PLF-NEW    |      MSE        |
   1   0 2.3002030849456787 0 0.014627141878008842
   10   0 1.2857959270477295 0 0.015120620839297771
   20   0 1.194965124130249 0 0.015111551620066166
   30   0 1.110064148902893 0 0.015506522729992867
   40   0 1.0816338062286377 0 0.015392167493700981
   50   0 1.068057894706726 0 0.015317872166633606
   60   0 1.087143898010254 0 0.014994600787758827
   70   0 1.023844599723816 0 0.015311879105865955
   80   0 1.0161232948303223 0 0.015311818569898605
   90   0 1.029628872871399 0 0.015043385326862335
   100   0 0.9814563393592834 0 0.015184520743787289
   110   0 0.9868152141571045 0 0.015153826214373112
   120   0 0.9548653960227966 0 0.015101198107004166
   130   0 0.9380229115486145 0 0.015272985212504864
   140   0 0.9199809432029724 0 0.015065548941493034
   150   0 0.9415204524993896 0 0.014949501492083073
Total Training Time: 7.135979916320907 hours 
l_NEW: 0.0, l_JD : 0.0, l_FMD: 0.025, l_MSE: 1.0, d_penalty: 0.0, L: 2, z_dim: 8, bs: 64
| EPOCH |      PLF-JD     |      PLF-FMD    |      PLF-NEW    |      MSE        |
   1   0 0.9324453473091125 0 0.015321040526032448
   10   0 0.9262378215789795 0 0.015051574446260929
   20   0 0.8975169062614441 0 0.015128330327570438
   30   0 0.875670850276947 0 0.015243267640471458
   40   0 0.8482514023780823 0 0.014979553408920765
   50   0 0.8622540831565857 0 0.015207027085125446
   60   0 0.8431079387664795 0 0.015221674926578999
   70   0 0.8645844459533691 0 0.015039278194308281
   80   0 0.788852870464325 0 0.015303576365113258
   90   0 0.8288029432296753 0 0.015119076706469059
   100   0 0.8259639739990234 0 0.014877775683999062
   110   0 0.8184276223182678 0 0.01491827517747879
   120   0 0.7737644910812378 0 0.015156547538936138
   130   0 0.7878158688545227 0 0.015171135775744915
   140   0 0.7732604742050171 0 0.015142914839088917
   150   0 0.7670291066169739 0 0.01508141215890646
Total Training Time: 7.352107753886117 hours 
