l_NEW: 0.0, l_JD : 0.0, l_FMD: 0.008, l_MSE: 1.0, d_penalty: 0.0, L: 2, z_dim: 4, bs: 64
| EPOCH |      PLF-JD     |      PLF-FMD    |      PLF-NEW    |      MSE        |
   1   0 2.1636006832122803 0 0.016172349452972412
   10   0 1.3945846557617188 0 0.017644379287958145
   20   0 1.3865784406661987 0 0.017240844666957855
   30   0 1.3233555555343628 0 0.017440181225538254
   40   0 1.3256291151046753 0 0.017361914739012718
   50   0 1.285386085510254 0 0.01730039156973362
   60   0 1.2302429676055908 0 0.01753256469964981
   70   0 1.1831274032592773 0 0.017510658130049706
   80   0 1.1867122650146484 0 0.017467331141233444
   90   0 1.1858972311019897 0 0.01743417978286743
   100   0 1.1668219566345215 0 0.01755373366177082
   110   0 1.0658453702926636 0 0.017396606504917145
   120   0 1.0584981441497803 0 0.017363673076033592
   130   0 1.0653793811798096 0 0.01763751730322838
   140   0 1.0559924840927124 0 0.017614420503377914
   150   0 1.0912563800811768 0 0.017336076125502586
Total Training Time: 6.95660191628668 hours 
l_NEW: 0.0, l_JD : 0.0, l_FMD: 0.008, l_MSE: 1.0, d_penalty: 0.0, L: 2, z_dim: 4, bs: 64
| EPOCH |      PLF-JD     |      PLF-FMD    |      PLF-NEW    |      MSE        |
   1   0 1.042898416519165 0 0.017669739201664925
   10   0 1.035811185836792 0 0.017534906044602394
   20   0 1.0010673999786377 0 0.017673805356025696
   30   0 0.9312120676040649 0 0.017785152420401573
   40   0 1.0209258794784546 0 0.017498232424259186
   50   0 0.9654562473297119 0 0.01764986664056778
   60   0 0.9851329326629639 0 0.017560934647917747
   70   0 0.9517645835876465 0 0.017660124227404594
   80   0 0.9427955150604248 0 0.01750498078763485
   90   0 0.9373122453689575 0 0.017478521913290024
   100   0 0.9203906655311584 0 0.017527926713228226
   110   0 0.9312315583229065 0 0.01745370216667652
   120   0 0.9140764474868774 0 0.01755506359040737
   130   0 0.9213117957115173 0 0.017501281574368477
   140   0 0.8903807997703552 0 0.01762714795768261
   150   0 0.930250883102417 0 0.017542341724038124
Total Training Time: 7.113478720254368 hours 
