l_NEW: 0.0, l_JD : 0.0, l_FMD: 0.002, l_MSE: 1.0, d_penalty: 0.0, L: 2, z_dim: 8, bs: 64
| EPOCH |      PLF-JD     |      PLF-FMD    |      PLF-NEW    |      MSE        |
   1   0 2.343432903289795 0 0.009650208055973053
   10   0 1.8324309587478638 0 0.01009366475045681
   20   0 1.7150650024414062 0 0.010235888883471489
   30   0 1.7479259967803955 0 0.01022164337337017
   40   0 1.6962815523147583 0 0.010296687483787537
   50   0 1.7146800756454468 0 0.010232845321297646
   60   0 1.6991651058197021 0 0.010250819846987724
   70   0 1.7179020643234253 0 0.010289633646607399
   80   0 1.6719768047332764 0 0.010325980372726917
   90   0 1.624955177307129 0 0.010393567383289337
   100   0 1.7163609266281128 0 0.010364904999732971
   110   0 1.5559395551681519 0 0.010397057048976421
   120   0 1.6163535118103027 0 0.010403701104223728
   130   0 1.653915524482727 0 0.01032921764999628
   140   0 1.622976541519165 0 0.010333436541259289
   150   0 1.6674507856369019 0 0.010333072394132614
   160   0 1.5453437566757202 0 0.010430959984660149
   170   0 1.5489773750305176 0 0.01038281712681055
   180   0 1.5750946998596191 0 0.010354239493608475
   190   0 1.5139881372451782 0 0.010442112572491169
   200   0 1.5287623405456543 0 0.01035056822001934
   210   0 1.5334649085998535 0 0.01041338685899973
   220   0 1.506944179534912 0 0.010350261814892292
   230   0 1.5052602291107178 0 0.010364977642893791
   240   0 1.4873450994491577 0 0.010393013246357441
   250   0 1.5756088495254517 0 0.010287837125360966
Total Training Time: 11.537318698498938 hours 
l_NEW: 0.0, l_JD : 0.0, l_FMD: 0.002, l_MSE: 1.0, d_penalty: 0.0, L: 2, z_dim: 8, bs: 64
| EPOCH |      PLF-JD     |      PLF-FMD    |      PLF-NEW    |      MSE        |
   1   0 1.520617127418518 0 0.010507024824619293
   10   0 1.4995125532150269 0 0.010336313396692276
   20   0 1.5255006551742554 0 0.010326055809855461
   30   0 1.5039470195770264 0 0.010319413617253304
   40   0 1.4644886255264282 0 0.010343682952225208
   50   0 1.5669474601745605 0 0.010277368128299713
Total Training Time: 2.3851087399323783 hours 
