l_PN, l_P, l_MSE, d_penalty  0.0 0.0 1.0 0.0
| EPOCH | PLF-JD | PLF-FMD | PLF-NEW | MSE |
1 5.634613513946533 1.3645412921905518 1.5406209230422974 0.013758383691310883
10 5.783286094665527 1.3118739128112793 1.4997808933258057 0.01393162366002798
20 5.674062252044678 1.2508195638656616 1.4999608993530273 0.013836135156452656
30 5.722748279571533 1.2806437015533447 1.4443011283874512 0.013895582407712936
40 5.805390357971191 1.2440564632415771 1.5180413722991943 0.014005385339260101
50 5.765550136566162 1.1928832530975342 1.4372084140777588 0.014049353078007698
60 5.732363700866699 1.2308191061019897 1.475372314453125 0.013935329392552376
70 5.670319080352783 1.1737099885940552 1.4186251163482666 0.01392296701669693
80 5.79539155960083 1.195252537727356 1.4640798568725586 0.013803629204630852
Total Training Time: 7.242332586513625 hours 
l_PN, l_P, l_MSE, d_penalty  0.0 0.0 1.0 0.0
| EPOCH | PLF-JD | PLF-FMD | PLF-NEW | MSE |
1 5.68151330947876 1.2242528200149536 1.4728087186813354 0.013974977657198906
10 5.904607772827148 1.2205744981765747 1.486505150794983 0.013942409306764603
20 5.777769088745117 1.206572413444519 1.4893990755081177 0.013784530572593212
30 5.802870750427246 1.143471360206604 1.4776275157928467 0.013991647399961948
40 5.895692825317383 1.1271624565124512 1.4368772506713867 0.013932094909250736
50 5.930845737457275 1.1426522731781006 1.4333897829055786 0.013753674924373627
60 5.917817115783691 1.1304774284362793 1.4502408504486084 0.013894024305045605
70 5.977130889892578 1.1429075002670288 1.4477901458740234 0.013789841905236244
80 6.044765472412109 1.081078290939331 1.4163368940353394 0.01381594967097044
Total Training Time: 7.346529371473524 hours 
l_PN, l_P, l_MSE, d_penalty  0.0 0.0 1.0 0.0
| EPOCH | PLF-JD | PLF-FMD | PLF-NEW | MSE |
1 5.937835216522217 1.1250218152999878 1.4623632431030273 0.014059050939977169
10 5.874971866607666 1.0752102136611938 1.4429664611816406 0.013941130600869656
20 5.9683637619018555 1.0937517881393433 1.3975367546081543 0.013810171745717525
30 5.983065128326416 1.0624279975891113 1.4237124919891357 0.013941479846835136
40 5.99110221862793 1.075800895690918 1.3859078884124756 0.013822164386510849
50 5.894400119781494 1.0709469318389893 1.397276520729065 0.013845888897776604
60 5.9524946212768555 1.01352059841156 1.3803097009658813 0.013857285492122173
70 5.870892524719238 1.0718085765838623 1.4098873138427734 0.01378658227622509
80 5.794583797454834 0.9967265129089355 1.35576593875885 0.013971852138638496
Total Training Time: 7.382366015248828 hours 
l_NEW: 0.0, l_JD : 0.0, l_FMD: 0.005, l_MSE: 1.0, d_penalty: 0.0, L: 2, z_dim: 6, bs: 64
| EPOCH |      PLF-JD     |      PLF-FMD    |      PLF-NEW    |      MSE        |
   1   0 2.0010640621185303 0 0.012762007303535938
l_NEW: 0.0, l_JD : 0.0, l_FMD: 0.005, l_MSE: 1.0, d_penalty: 0.0, L: 2, z_dim: 6, bs: 64
| EPOCH |      PLF-JD     |      PLF-FMD    |      PLF-NEW    |      MSE        |
   1   0 1.9166685342788696 0 0.012922714464366436
   10   0 1.5313507318496704 0 0.013604310341179371
   20   0 1.395650863647461 0 0.013641277328133583
   30   0 1.3704416751861572 0 0.013702374882996082
   40   0 1.4116674661636353 0 0.013665308244526386
   50   0 1.350583553314209 0 0.013852644711732864
   60   0 1.3378140926361084 0 0.013757824897766113
   70   0 1.3237123489379883 0 0.013756894506514072
   80   0 1.25421941280365 0 0.013933359645307064
   90   0 1.335334300994873 0 0.013803240843117237
   100   0 1.2726781368255615 0 0.013800212182104588
Total Training Time: 4.6917905845244725 hours 
l_NEW: 0.0, l_JD : 0.0, l_FMD: 0.005, l_MSE: 1.0, d_penalty: 0.0, L: 2, z_dim: 6, bs: 64
| EPOCH |      PLF-JD     |      PLF-FMD    |      PLF-NEW    |      MSE        |
   1   0 1.3142328262329102 0 0.013889724388718605
   10   0 1.239279866218567 0 0.013793368823826313
   20   0 1.2165720462799072 0 0.013985181227326393
   30   0 1.2484203577041626 0 0.013802066445350647
   40   0 1.1964690685272217 0 0.013868795707821846
   50   0 1.2228823900222778 0 0.013837375678122044
   60   0 1.2381746768951416 0 0.013800535351037979
   70   0 1.1212158203125 0 0.014043213799595833
   80   0 1.1288297176361084 0 0.013993551023304462
   90   0 1.1785351037979126 0 0.013836772181093693
   100   0 1.1793285608291626 0 0.013883247040212154
   110   0 1.1484994888305664 0 0.013889288529753685
   120   0 1.1146379709243774 0 0.013843639753758907
   130   0 1.0979669094085693 0 0.014031264930963516
   140   0 1.0616168975830078 0 0.014017082750797272
   150   0 1.0698864459991455 0 0.013973517343401909
Total Training Time: 7.197691529591879 hours 
l_NEW: 0.0, l_JD : 0.0, l_FMD: 0.005, l_MSE: 1.0, d_penalty: 0.0, L: 2, z_dim: 6, bs: 64
| EPOCH |      PLF-JD     |      PLF-FMD    |      PLF-NEW    |      MSE        |
   1   0 1.1367210149765015 0 0.013938588090240955
   10   0 1.0960899591445923 0 0.013853558339178562
   20   0 1.058127999305725 0 0.013962666504085064
   30   0 1.0417850017547607 0 0.014070107601583004
   40   0 1.034995198249817 0 0.014032512903213501
   50   0 1.0218697786331177 0 0.013875510543584824
   60   0 1.056420087814331 0 0.013746117241680622
   70   0 1.0444772243499756 0 0.014011436142027378
   80   0 1.068884015083313 0 0.013821507804095745
   90   0 1.0508205890655518 0 0.013747887685894966
   100   0 1.0695301294326782 0 0.013851351104676723
   110   0 1.0196959972381592 0 0.01380664762109518
