l_NEW: 0.0, l_JD : 0.002, l_FMD: 0.0, l_MSE: 1.0, d_penalty: 0.0, L: 2, z_dim: 6, bs: 64
| EPOCH |      PLF-JD     |      PLF-FMD    |      PLF-NEW    |      MSE        |
   1   4.58458137512207 0 0 0.01083923690021038
   10   4.260486125946045 0 0 0.01149751152843237
   20   4.233405113220215 0 0 0.01166487019509077
   30   4.243965148925781 0 0 0.011781093664467335
   40   4.277169704437256 0 0 0.01188940554857254
   50   4.1967692375183105 0 0 0.011828663758933544
   60   4.255326747894287 0 0 0.011940564028918743
   70   4.351017951965332 0 0 0.012033429928123951
   80   4.317393779754639 0 0 0.012070197612047195
   90   4.237034320831299 0 0 0.011981219053268433
   100   4.241632461547852 0 0 0.012013521045446396
   110   4.344295978546143 0 0 0.011971157044172287
   120   4.253598213195801 0 0 0.012060411274433136
   130   4.216270446777344 0 0 0.011937672272324562
   140   4.191068649291992 0 0 0.012053360231220722
   150   4.203253269195557 0 0 0.01212578359991312
Total Training Time: 7.643850329452091 hours 
l_NEW: 0.0, l_JD : 0.002, l_FMD: 0.0, l_MSE: 1.0, d_penalty: 0.0, L: 2, z_dim: 6, bs: 64
| EPOCH |      PLF-JD     |      PLF-FMD    |      PLF-NEW    |      MSE        |
   1   4.278318881988525 0 0 0.012017237022519112
   10   4.292445659637451 0 0 0.012065593153238297
   20   4.178574085235596 0 0 0.012072043493390083
   30   4.152231216430664 0 0 0.012156986631453037
   40   4.3007307052612305 0 0 0.012155840173363686
   50   4.184309959411621 0 0 0.0121834184974432
   60   4.18255090713501 0 0 0.012218592688441277
   70   4.179391860961914 0 0 0.012172307819128036
   80   4.208895683288574 0 0 0.012203371152281761
   90   4.1759161949157715 0 0 0.012219631113111973
   100   4.0603485107421875 0 0 0.012230131775140762
   110   4.169431209564209 0 0 0.012112302705645561
   120   4.156020641326904 0 0 0.012180562131106853
   130   3.9774060249328613 0 0 0.01221372652798891
   140   4.1117753982543945 0 0 0.012282909825444221
   150   4.085180759429932 0 0 0.012185306288301945
Total Training Time: 7.2925823259353635 hours 
