l_NEW: 0.0, l_JD : 0.0, l_FMD: 0.003, l_MSE: 1.0, d_penalty: 0.0, L: 2, z_dim: 2, bs: 64
| EPOCH |      PLF-JD     |      PLF-FMD    |      PLF-NEW    |      MSE        |
   1   0 3.4115095138549805 0 0.01618403196334839
   10   0 2.469468355178833 0 0.017831556499004364
   20   0 2.0049021244049072 0 0.01848146691918373
   30   0 2.087088108062744 0 0.018346987664699554
   40   0 1.9716042280197144 0 0.01873495802283287
   50   0 1.961038589477539 0 0.018697915598750114
   60   0 1.9078431129455566 0 0.01878439448773861
   70   0 1.8312945365905762 0 0.018818192183971405
   80   0 1.7731300592422485 0 0.01891491375863552
   90   0 1.850679636001587 0 0.019059371203184128
   100   0 1.7858744859695435 0 0.018977269530296326
   110   0 1.7869919538497925 0 0.01886575110256672
   120   0 1.805867075920105 0 0.019069628790020943
   130   0 1.6175868511199951 0 0.01928805001080036
   140   0 1.7245923280715942 0 0.018983028829097748
   150   0 1.734762191772461 0 0.018942808732390404
   160   0 1.680479645729065 0 0.019170384854078293
   170   0 1.6285157203674316 0 0.019298085942864418
   180   0 1.6014012098312378 0 0.019214805215597153
   190   0 1.6137820482254028 0 0.019296234473586082
   200   0 1.6382849216461182 0 0.019093023613095284
   210   0 1.5599254369735718 0 0.019275017082691193
   220   0 1.6594719886779785 0 0.019083620980381966
   230   0 1.7094732522964478 0 0.01887246035039425
   240   0 1.5331608057022095 0 0.01933516375720501
   250   0 1.5807781219482422 0 0.01927599124610424
   260   0 1.4108366966247559 0 0.019465288147330284
   270   0 1.5165973901748657 0 0.019408531486988068
   280   0 1.5452141761779785 0 0.019304679706692696
   290   0 1.5965025424957275 0 0.01919473148882389
   300   0 1.4413015842437744 0 0.019455531612038612
Total Training Time: 14.347262764175733 hours 
