l_NEW: 0.02, l_JD : 0.0, l_FMD: 0.0, l_MSE: 1.0, d_penalty: 0.0,step:15, L: 2, z_dim: 1, bs: 64, bit_rate: 2, s_b: False
| EPOCH |      PLF-JD     |      PLF-FMD    |      PLF-NEW    |      MSE        |
   1   0 0 4.333151340484619 0.024524133652448654
   10   0 0 3.669126033782959 0.026313044130802155
   20   0 0 3.0886197090148926 0.02723742462694645
   30   0 0 2.970482349395752 0.02716895192861557
   40   0 0 2.694636821746826 0.027839796617627144
   50   0 0 2.3831751346588135 0.02763519622385502
   60   0 0 2.2909064292907715 0.02791556343436241
   70   0 0 2.3511362075805664 0.028084594756364822
   80   0 0 2.2360780239105225 0.02833043970167637
   90   0 0 2.240642547607422 0.02873864211142063
   100   0 0 2.1662888526916504 0.02818550355732441
   110   0 0 2.1516599655151367 0.028645915910601616
   120   0 0 2.309627056121826 0.028519177809357643
   130   0 0 2.2785260677337646 0.02803737297654152
   140   0 0 2.2580785751342773 0.028538169339299202
   150   0 0 2.222217321395874 0.028386646881699562
   160   0 0 2.2373228073120117 0.0279878880828619
   170   0 0 2.2213666439056396 0.027839815244078636
   180   0 0 2.2018320560455322 0.027782533317804337
   190   0 0 2.1439037322998047 0.027967872098088264
   200   0 0 2.166364908218384 0.02813970297574997
   210   0 0 2.172067880630493 0.028060583397746086
   220   0 0 2.147170305252075 0.028557464480400085
   230   0 0 2.135335683822632 0.028683790937066078
   240   0 0 2.0314602851867676 0.028898466378450394
   250   0 0 2.0023491382598877 0.028658317402005196
Total Training Time: 11.08455429242717 hours 
l_NEW: 0.02, l_JD : 0.0, l_FMD: 0.0, l_MSE: 1.0, d_penalty: 0.0,step:15, L: 2, z_dim: 1, bs: 64, bit_rate: 2, s_b: False
| EPOCH |      PLF-JD     |      PLF-FMD    |      PLF-NEW    |      MSE        |
   1   0 0 2.059410810470581 0.02837306447327137
   10   0 0 1.9540215730667114 0.029732780531048775
   20   0 0 1.9015705585479736 0.030099311843514442
   30   0 0 1.9463586807250977 0.02969486638903618
   40   0 0 1.823486089706421 0.029555300250649452
   50   0 0 1.8435834646224976 0.029332756996154785
Total Training Time: 2.2489842385053636 hours 
