l_NEW: 0.0, l_JD : 0.002, l_FMD: 0.0, l_MSE: 1.0, d_penalty: 0.0,step:15, L: 2, z_dim: 1, bs: 64, bit_rate: 2, s_b: False
| EPOCH |      PLF-JD     |      PLF-FMD    |      PLF-NEW    |      MSE        |
   1   6.513153076171875 0 0 0.01719229482114315
   10   5.757294654846191 0 0 0.017807351425290108
   20   5.564846515655518 0 0 0.018068112432956696
   30   5.493643283843994 0 0 0.01813833974301815
   40   5.720477104187012 0 0 0.018102575093507767
   50   5.35662317276001 0 0 0.018424132838845253
   60   5.466691017150879 0 0 0.0183111559599638
   70   5.555218696594238 0 0 0.018500518053770065
   80   5.157883644104004 0 0 0.018749943003058434
   90   5.103901386260986 0 0 0.018648475408554077
   100   5.199528217315674 0 0 0.01858106069266796
   110   5.230607986450195 0 0 0.01871045120060444
   120   5.255184173583984 0 0 0.018676815554499626
   130   5.022673606872559 0 0 0.018684133887290955
   140   4.965362548828125 0 0 0.018831627443432808
   150   4.963931083679199 0 0 0.01882312074303627
Total Training Time: 6.59026194565826 hours 
l_NEW: 0.0, l_JD : 0.002, l_FMD: 0.0, l_MSE: 1.0, d_penalty: 0.0,step:15, L: 2, z_dim: 1, bs: 64, bit_rate: 2, s_b: False
| EPOCH |      PLF-JD     |      PLF-FMD    |      PLF-NEW    |      MSE        |
   1   4.965066909790039 0 0 0.018973959609866142
   10   4.7592878341674805 0 0 0.01916736364364624
   20   4.829309940338135 0 0 0.01898755133152008
   30   4.757889747619629 0 0 0.019048573449254036
   40   4.62891960144043 0 0 0.019237095490098
   50   4.466177463531494 0 0 0.019222956150770187
   60   4.744125843048096 0 0 0.01908179745078087
   70   4.6166768074035645 0 0 0.019211608916521072
   80   4.837061882019043 0 0 0.018976600840687752
   90   4.64875602722168 0 0 0.019061032682657242
   100   4.618923664093018 0 0 0.01916336454451084
   110   4.7880539894104 0 0 0.019154628738760948
   120   4.4450364112854 0 0 0.019461695104837418
   130   4.4569501876831055 0 0 0.019535735249519348
   140   4.568580627441406 0 0 0.01928025670349598
   150   4.638206958770752 0 0 0.019280970096588135
Total Training Time: 6.628672879139582 hours 
l_NEW: 0.0, l_JD : 0.002, l_FMD: 0.0, l_MSE: 1.0, d_penalty: 0.0,step:15, L: 2, z_dim: 1, bs: 64, bit_rate: 2, s_b: False
| EPOCH |      PLF-JD     |      PLF-FMD    |      PLF-NEW    |      MSE        |
   1   4.656895160675049 0 0 0.019307242706418037
   10   4.6643829345703125 0 0 0.01937771402299404
   20   4.4341325759887695 0 0 0.019385071471333504
   30   4.725618839263916 0 0 0.019260436296463013
   40   4.414185523986816 0 0 0.019227277487516403
   50   4.4190850257873535 0 0 0.019315876066684723
   60   4.70968770980835 0 0 0.019173072651028633
   70   4.273901462554932 0 0 0.019585618749260902
   80   4.562045097351074 0 0 0.019221827387809753
   90   4.356337547302246 0 0 0.019357776269316673
   100   4.476789474487305 0 0 0.019493985921144485
   110   4.41932487487793 0 0 0.01933889649808407
   120   4.373692035675049 0 0 0.019467098638415337
   130   4.342034816741943 0 0 0.01933961920440197
   140   4.329030513763428 0 0 0.019360406324267387
   150   4.408601760864258 0 0 0.019461628049612045
Total Training Time: 6.606665657626258 hours 
