l_NEW: 0.01, l_JD : 0.0, l_FMD: 0.0, l_MSE: 1.0, d_penalty: 0.0, L: 2, z_dim: 1, bs: 64, bit_rate: 2, s_b: False
| EPOCH |      PLF-JD     |      PLF-FMD    |      PLF-NEW    |      MSE        |
   1   0 0 0 0.009531195275485516
l_NEW: 0.01, l_JD : 0.0, l_FMD: 0.0, l_MSE: 1.0, d_penalty: 0.0, L: 2, z_dim: 1, bs: 64, bit_rate: 2, s_b: False
| EPOCH |      PLF-JD     |      PLF-FMD    |      PLF-NEW    |      MSE        |
   1   0 0 1.7096296548843384 0.014962601475417614
   10   0 0 1.3696730136871338 0.015116074122488499
   20   0 0 1.2214436531066895 0.015387166291475296
   30   0 0 1.13918936252594 0.015827883034944534
   40   0 0 1.1150776147842407 0.01613139733672142
   50   0 0 1.1393102407455444 0.016199778765439987
   60   0 0 1.1516858339309692 0.016042297706007957
   70   0 0 1.1271922588348389 0.016283562406897545
   80   0 0 1.1341232061386108 0.016276096925139427
   90   0 0 1.1369361877441406 0.016565490514039993
   100   0 0 1.1503719091415405 0.016367143020033836
   110   0 0 1.0850321054458618 0.01638464815914631
   120   0 0 1.054975986480713 0.016555067151784897
   130   0 0 1.1060621738433838 0.017375633120536804
   140   0 0 1.0497252941131592 0.01666015014052391
   150   0 0 1.022949457168579 0.01641971431672573
   160   0 0 1.040181279182434 0.016674134880304337
   170   0 0 1.036860704421997 0.017367811873555183
   180   0 0 1.0680683851242065 0.017540769651532173
   190   0 0 1.0124070644378662 0.017209483310580254
   200   0 0 1.0042393207550049 0.01762426644563675
   210   0 0 1.0127301216125488 0.016926022246479988
   220   0 0 0.9803587794303894 0.01677531935274601
   230   0 0 1.0078991651535034 0.017793767154216766
   240   0 0 0.9623165726661682 0.01751091144979
   250   0 0 0.9984737038612366 0.020830227062106133
   260   0 0 1.031416893005371 0.021137339994311333
   270   0 0 0.9801763296127319 0.02106451243162155
   280   0 0 0.9798076748847961 0.02117765136063099
   290   0 0 0.9718105792999268 0.021107077598571777
   300   0 0 0.9320817589759827 0.02123170904815197
Total Training Time: 13.030179112421141 hours 
