l_NEW: 0.0, l_JD : 0.0, l_FMD: 0.0, l_MSE: 1.0,step: 15, d_penalty: 0.0, L: 2, z_dim: 1-4, bs: 64
| EPOCH |      PLF-JD     |      PLF-FMD    |      PLF-NEW    |      MSE        |
l_NEW: 0.0, l_JD : 0.0, l_FMD: 0.0, l_MSE: 1.0,step: 15, d_penalty: 0.0, L: 2, z_dim: 1-4, bs: 64
| EPOCH |      PLF-JD     |      PLF-FMD    |      PLF-NEW    |      MSE        |
l_NEW: 0.0, l_JD : 0.0, l_FMD: 0.0, l_MSE: 1.0,step: 15, d_penalty: 0.0, L: 2, z_dim: 1-4, bs: 64
| EPOCH |      PLF-JD     |      PLF-FMD    |      PLF-NEW    |      MSE        |
   1   10.05836296081543 10.323982238769531 9.855416297912598 0.020158065482974052
   1   9.649452209472656 9.734222412109375 9.520931243896484 0.0186814796179533
   1   8.966492652893066 9.536893844604492 8.849405288696289 0.017926955595612526
   10   8.530303001403809 8.435694694519043 8.59138011932373 0.014193953014910221
   10   9.028764724731445 8.939618110656738 8.841302871704102 0.014214260503649712
   10   8.365693092346191 8.300686836242676 8.37503719329834 0.014225678518414497
   20   7.75186014175415 7.995394706726074 7.997596263885498 0.013112254440784454
   20   7.552774429321289 7.67464542388916 7.6809163093566895 0.013076039962470531
   20   7.691433429718018 7.4737725257873535 7.905834197998047 0.01318940706551075
   30   7.3412933349609375 7.357497215270996 7.242974758148193 0.01241654809564352
   30   7.094444274902344 7.2842793464660645 6.897446155548096 0.012415003031492233
   30   7.1644392013549805 7.081631183624268 7.50280237197876 0.01258341409265995
   40   6.872382640838623 7.007018089294434 6.93320894241333 0.011955361813306808
   40   7.227630615234375 6.983652114868164 6.9338698387146 0.012036586180329323
   40   7.268375396728516 7.20747709274292 7.047849655151367 0.012043331749737263
   50   6.591413974761963 6.677927494049072 6.4917311668396 0.01148619968444109
   50   6.545916557312012 6.5315022468566895 6.542695045471191 0.011613803915679455
   50   6.786683559417725 6.637589931488037 7.005064964294434 0.011690153740346432
   60   6.798924922943115 6.5496649742126465 6.628734588623047 0.0112307108938694
   60   6.493903160095215 6.302076816558838 6.216739177703857 0.011240188032388687
   60   6.937074661254883 6.427023410797119 6.392378330230713 0.011356891132891178
   70   6.29071044921875 6.188962936401367 6.1920576095581055 0.01093245018273592
   70   6.756936550140381 6.187748908996582 6.415234088897705 0.011064393445849419
   70   6.2397661209106445 6.079037666320801 5.848179340362549 0.011058250442147255
   80   5.936642646789551 5.821116924285889 6.031912326812744 0.01068681851029396
   80   6.623945236206055 6.216303825378418 6.047976493835449 0.010842927731573582
   80   5.88368034362793 5.738128662109375 6.014101505279541 0.010843276977539062
