l_NEW: 0.0, l_JD : 0.04, l_FMD: 0.0, l_MSE: 1.0, d_penalty: 0.0, L: 2, z_dim: 6, bs: 64
| EPOCH |      PLF-JD     |      PLF-FMD    |      PLF-NEW    |      MSE        |
   1   2.8032994270324707 0 0 0.01872306317090988
   10   1.9197689294815063 0 0 0.0231968741863966
   20   1.7754515409469604 0 0 0.022936873137950897
   30   1.6539949178695679 0 0 0.023581916466355324
   40   1.5929161310195923 0 0 0.023515941575169563
   50   1.5599416494369507 0 0 0.023472188040614128
   60   1.4853274822235107 0 0 0.0238090418279171
   70   1.480413794517517 0 0 0.023512694984674454
   80   1.4032275676727295 0 0 0.02325551025569439
   90   1.3643826246261597 0 0 0.023170573636889458
   100   1.350795030593872 0 0 0.023353926837444305
   110   1.3358572721481323 0 0 0.02330559864640236
   120   1.365596890449524 0 0 0.022860167548060417
   130   1.2878271341323853 0 0 0.023248445242643356
   140   1.2741169929504395 0 0 0.023140614852309227
   150   1.2660951614379883 0 0 0.023104233667254448
Total Training Time: 7.4923482836617366 hours 
l_NEW: 0.0, l_JD : 0.04, l_FMD: 0.0, l_MSE: 1.0, d_penalty: 0.0, L: 2, z_dim: 6, bs: 64
| EPOCH |      PLF-JD     |      PLF-FMD    |      PLF-NEW    |      MSE        |
   1   1.2936726808547974 0 0 0.022962458431720734
   10   1.2900235652923584 0 0 0.022965971380472183
   20   1.2421690225601196 0 0 0.02303704246878624
   30   1.2357488870620728 0 0 0.023144282400608063
   40   1.207069754600525 0 0 0.023034967482089996
   50   1.2327535152435303 0 0 0.022961296141147614
   60   1.2351396083831787 0 0 0.022777870297431946
   70   1.253851056098938 0 0 0.022620515897870064
   80   1.2274231910705566 0 0 0.022858139127492905
   90   1.2121442556381226 0 0 0.022946180775761604
   100   1.2259563207626343 0 0 0.02301696315407753
   110   1.2170803546905518 0 0 0.02256740629673004
   120   1.258087158203125 0 0 0.022532183676958084
   130   1.2304109334945679 0 0 0.022717704996466637
   140   1.2147901058197021 0 0 0.022406669333577156
   150   1.1910929679870605 0 0 0.02278212457895279
Total Training Time: 7.205885744624668 hours 
