l_NEW: 0.0, l_JD : 0.025, l_FMD: 0.0, l_MSE: 1.0, d_penalty: 0.0, L: 2, z_dim: 1, bs: 64
| EPOCH |      PLF-JD     |      PLF-FMD    |      PLF-NEW    |      MSE        |
   1   3.1960506439208984 0 0 0.022519128397107124
   10   3.2948312759399414 0 0 0.02439630590379238
   20   3.2249844074249268 0 0 0.024711674079298973
   30   3.2810654640197754 0 0 0.02494371496140957
   40   3.2628135681152344 0 0 0.024920064955949783
   50   3.4657630920410156 0 0 0.02421325258910656
   60   3.4252986907958984 0 0 0.024262048304080963
   70   3.586041212081909 0 0 0.02383441850543022
   80   3.6708030700683594 0 0 0.023821359500288963
   90   3.706970453262329 0 0 0.023696696385741234
   100   3.7455246448516846 0 0 0.023341039195656776
   110   3.666309356689453 0 0 0.023651454597711563
   120   3.677481174468994 0 0 0.023228174075484276
   130   3.7465407848358154 0 0 0.023051943629980087
   140   3.722344160079956 0 0 0.02284832112491131
   150   3.7350282669067383 0 0 0.022890659049153328
   160   3.7936019897460938 0 0 0.022867294028401375
   170   3.819220781326294 0 0 0.022367406636476517
   180   3.7912068367004395 0 0 0.022593853995203972
   190   3.7911527156829834 0 0 0.022581851109862328
   200   3.7587223052978516 0 0 0.0226560290902853
   210   3.901254653930664 0 0 0.022286949679255486
   220   3.805748462677002 0 0 0.022598115727305412
   230   3.820918560028076 0 0 0.022372812032699585
   240   3.8997271060943604 0 0 0.02200016938149929
l_NEW: 0.0, l_JD : 0.025, l_FMD: 0.0, l_MSE: 1.0, d_penalty: 0.0, L: 2, z_dim: 1, bs: 64
| EPOCH |      PLF-JD     |      PLF-FMD    |      PLF-NEW    |      MSE        |
l_NEW: 0.0, l_JD : 0.025, l_FMD: 0.0, l_MSE: 1.0, d_penalty: 0.0, L: 2, z_dim: 1, bs: 64
| EPOCH |      PLF-JD     |      PLF-FMD    |      PLF-NEW    |      MSE        |
   1   3.8484272956848145 0 0 0.022355111315846443
   10   3.8296351432800293 0 0 0.022162282839417458
   20   3.9184651374816895 0 0 0.022088857367634773
   30   3.835961103439331 0 0 0.02245686575770378
   40   3.860628128051758 0 0 0.022191718220710754
   50   3.876967430114746 0 0 0.022120710462331772
   60   3.7675511837005615 0 0 0.022338533774018288
Total Training Time: 2.9475949849685033 hours 
