l_NEW: 0.0, l_JD : 0.01, l_FMD: 0.0, l_MSE: 1.0, d_penalty: 0.0, L: 2, z_dim: 6, bs: 64
| EPOCH |      PLF-JD     |      PLF-FMD    |      PLF-NEW    |      MSE        |
   1   2.976680040359497 0 0 0.01588265784084797
   10   2.1576087474823 0 0 0.01914994977414608
   20   1.9858956336975098 0 0 0.02013896405696869
   30   1.9222947359085083 0 0 0.02035059966146946
   40   1.8343055248260498 0 0 0.02030695416033268
   50   1.7846623659133911 0 0 0.020467227324843407
   60   1.6388068199157715 0 0 0.020799720659852028
   70   1.6240625381469727 0 0 0.020743872970342636
   80   1.588945746421814 0 0 0.020951980724930763
   90   1.540479302406311 0 0 0.020727794617414474
   100   1.6192060708999634 0 0 0.02059350721538067
   110   1.5189319849014282 0 0 0.020847778767347336
   120   1.4880657196044922 0 0 0.020657623186707497
   130   1.5293463468551636 0 0 0.020631490275263786
   140   1.508971095085144 0 0 0.02074497751891613
   150   1.4619464874267578 0 0 0.020885145291686058
Total Training Time: 7.4774780288669795 hours 
l_NEW: 0.0, l_JD : 0.01, l_FMD: 0.0, l_MSE: 1.0, d_penalty: 0.0, L: 2, z_dim: 6, bs: 64
| EPOCH |      PLF-JD     |      PLF-FMD    |      PLF-NEW    |      MSE        |
   1   1.4801430702209473 0 0 0.020819270983338356
   10   1.4268466234207153 0 0 0.02077299915254116
   20   1.4116193056106567 0 0 0.02079455927014351
   30   1.4085257053375244 0 0 0.02068396843969822
   40   1.4425570964813232 0 0 0.020713679492473602
   50   1.4094598293304443 0 0 0.020778663456439972
   60   1.3729933500289917 0 0 0.020800914615392685
   70   1.3753269910812378 0 0 0.020588357001543045
   80   1.379879117012024 0 0 0.020665114745497704
   90   1.3671122789382935 0 0 0.02036353386938572
   100   1.3641791343688965 0 0 0.02065318264067173
   110   1.353818655014038 0 0 0.020709050819277763
   120   1.3663649559020996 0 0 0.020706364884972572
   130   1.337726354598999 0 0 0.02066849358379841
   140   1.3625385761260986 0 0 0.020714256912469864
   150   1.3608421087265015 0 0 0.020573623478412628
Total Training Time: 7.418880268070433 hours 
