l_NEW: 0.0, l_JD : 0.025, l_FMD: 0.0, l_MSE: 1.0, d_penalty: 0.0, L: 2, z_dim: 4, bs: 64
| EPOCH |      PLF-JD     |      PLF-FMD    |      PLF-NEW    |      MSE        |
   1   3.7595596313476562 0 0 0.019410651177167892
   10   3.2923758029937744 0 0 0.021546805277466774
   20   3.4327034950256348 0 0 0.021334215998649597
   30   3.6551830768585205 0 0 0.020890632644295692
   40   3.462110757827759 0 0 0.021146388724446297
   50   3.480027675628662 0 0 0.020902078598737717
   60   3.662379264831543 0 0 0.019954895600676537
   70   3.6562764644622803 0 0 0.01993449218571186
   80   3.6966803073883057 0 0 0.01973722130060196
   90   3.6921002864837646 0 0 0.019582919776439667
   100   3.732206344604492 0 0 0.01912003383040428
   110   3.7341535091400146 0 0 0.019142726436257362
   120   3.651190757751465 0 0 0.01902901940047741
   130   3.748927593231201 0 0 0.01876126602292061
   140   3.8400869369506836 0 0 0.018349533900618553
   150   3.7458407878875732 0 0 0.018889902159571648
   160   3.8211143016815186 0 0 0.018530378118157387
   170   3.829679250717163 0 0 0.018380628898739815
   180   3.900535821914673 0 0 0.01831987127661705
   190   3.853975772857666 0 0 0.01809275895357132
   200   3.818317174911499 0 0 0.018093926832079887
   210   3.848980665206909 0 0 0.01825670525431633
   220   3.8807897567749023 0 0 0.017886793240904808
   230   3.921867609024048 0 0 0.017933575436472893
   240   3.9034314155578613 0 0 0.01796518824994564
l_NEW: 0.0, l_JD : 0.025, l_FMD: 0.0, l_MSE: 1.0, d_penalty: 0.0, L: 2, z_dim: 4, bs: 64
| EPOCH |      PLF-JD     |      PLF-FMD    |      PLF-NEW    |      MSE        |
   1   3.853339672088623 0 0 0.01793685555458069
   10   3.937196969985962 0 0 0.017689993605017662
   20   3.9327690601348877 0 0 0.017796427011489868
   30   3.9233803749084473 0 0 0.017817853018641472
   40   3.884355306625366 0 0 0.017750408500432968
   50   3.9248430728912354 0 0 0.017877649515867233
   60   3.962690830230713 0 0 0.017475366592407227
Total Training Time: 2.944092875454161 hours 
