l_NEW: 0.0, l_JD : 0.02, l_FMD: 0.0, l_MSE: 1.0, d_penalty: 0.0,step:15, L: 2, z_dim: 1, bs: 64, bit_rate: 2, s_b: False
| EPOCH |      PLF-JD     |      PLF-FMD    |      PLF-NEW    |      MSE        |
   1   3.9827651977539062 0 0 0.025121817365288734
   10   3.5792524814605713 0 0 0.026521004736423492
   20   3.164731502532959 0 0 0.026634128764271736
   30   2.789543628692627 0 0 0.02751169353723526
   40   2.5007541179656982 0 0 0.027825316414237022
   50   2.4346492290496826 0 0 0.02826991304755211
   60   2.3746023178100586 0 0 0.028043022379279137
   70   2.2398478984832764 0 0 0.028446773067116737
   80   2.23934006690979 0 0 0.028768764808773994
   90   2.2078230381011963 0 0 0.0290562491863966
   100   2.2777137756347656 0 0 0.028270423412322998
   110   2.29434871673584 0 0 0.029073603451251984
   120   2.388531446456909 0 0 0.02915751002728939
   130   2.363530158996582 0 0 0.030138742178678513
   140   2.301201343536377 0 0 0.029553033411502838
   150   2.3342387676239014 0 0 0.02853582613170147
Total Training Time: 6.598933710124758 hours 
l_NEW: 0.0, l_JD : 0.02, l_FMD: 0.0, l_MSE: 1.0, d_penalty: 0.0,step:15, L: 2, z_dim: 1, bs: 64, bit_rate: 2, s_b: False
| EPOCH |      PLF-JD     |      PLF-FMD    |      PLF-NEW    |      MSE        |
   1   2.407496929168701 0 0 0.02837483212351799
   10   2.341062068939209 0 0 0.02883031591773033
   20   2.399343490600586 0 0 0.028502075001597404
   30   2.2779252529144287 0 0 0.028856536373496056
   40   2.278852701187134 0 0 0.02898877114057541
   50   2.2342684268951416 0 0 0.029114406555891037
   60   2.2143173217773438 0 0 0.02876320667564869
   70   2.2255656719207764 0 0 0.02920377068221569
   80   2.1633827686309814 0 0 0.02941504493355751
   90   2.0927486419677734 0 0 0.02915475331246853
   100   2.0447704792022705 0 0 0.029620913788676262
   110   2.0552799701690674 0 0 0.029321644455194473
   120   2.0024075508117676 0 0 0.029701322317123413
   130   1.992038607597351 0 0 0.02941201813519001
   140   1.9459004402160645 0 0 0.02888713777065277
   150   1.8938158750534058 0 0 0.03018384799361229
Total Training Time: 6.3313537755277425 hours 
l_NEW: 0.0, l_JD : 0.02, l_FMD: 0.0, l_MSE: 1.0, d_penalty: 0.0,step:15, L: 2, z_dim: 1, bs: 64, bit_rate: 2, s_b: False
| EPOCH |      PLF-JD     |      PLF-FMD    |      PLF-NEW    |      MSE        |
   1   1.9578955173492432 0 0 0.02998424880206585
   10   1.8882312774658203 0 0 0.029776236042380333
   20   1.88889741897583 0 0 0.0294993557035923
   30   1.7950834035873413 0 0 0.030028918758034706
   40   1.8106187582015991 0 0 0.029955890029668808
   50   1.7646921873092651 0 0 0.030077269300818443
   60   1.6926201581954956 0 0 0.03074445202946663
   70   1.7329484224319458 0 0 0.029802430421113968
   80   1.6684843301773071 0 0 0.03085598349571228
   90   1.6451036930084229 0 0 0.030561428517103195
   100   1.6183158159255981 0 0 0.03031669370830059
   110   1.5969882011413574 0 0 0.029886901378631592
   120   1.5996986627578735 0 0 0.030179360881447792
   130   1.5327818393707275 0 0 0.030302153900265694
   140   1.5801035165786743 0 0 0.030751697719097137
   150   1.4572283029556274 0 0 0.030376171693205833
Total Training Time: 6.444354214999411 hours 
