l_NEW: 0.0, l_JD : 0.07, l_FMD: 0.0, l_MSE: 1.0, d_penalty: 0.0,step:20, L: 2, z_dim: 1, bs: 64, bit_rate: 2, s_b: False, dataset:mmnist_4_axis_random_sample_step
| EPOCH |      PLF-JD     |      PLF-FMD    |      PLF-NEW    |      MSE        |
   1   4.448523044586182 0 0 0.029850749298930168
   10   3.891416311264038 0 0 0.03275953233242035
   20   3.420978546142578 0 0 0.03261112794280052
   30   3.3354694843292236 0 0 0.03446481004357338
   40   2.9451112747192383 0 0 0.033256664872169495
   50   2.9207918643951416 0 0 0.03422649949789047
   60   2.606308698654175 0 0 0.0342145599424839
   70   2.5870091915130615 0 0 0.033946529030799866
   80   2.567042827606201 0 0 0.03475262597203255
   90   2.539031505584717 0 0 0.036965034902095795
   100   2.494119882583618 0 0 0.036853086203336716
   110   2.604179859161377 0 0 0.03503256291151047
   120   2.5278310775756836 0 0 0.035561542958021164
   130   2.485269784927368 0 0 0.03482646122574806
   140   2.551762580871582 0 0 0.034602224826812744
   150   2.369675636291504 0 0 0.03483756631612778
   160   2.4108119010925293 0 0 0.0346858911216259
   170   2.371779203414917 0 0 0.03423372283577919
   180   2.376906633377075 0 0 0.034700848162174225
   190   2.349923610687256 0 0 0.035297077149152756
   200   2.4427292346954346 0 0 0.03411228209733963
   210   2.2947020530700684 0 0 0.03441076725721359
   220   2.340125322341919 0 0 0.0350596122443676
   230   2.2757811546325684 0 0 0.03462821617722511
   240   2.2432899475097656 0 0 0.03385404869914055
   250   2.3307106494903564 0 0 0.03575385734438896
   260   2.302933931350708 0 0 0.034874577075242996
   270   2.1720566749572754 0 0 0.03527538850903511
   280   2.215916156768799 0 0 0.03517362102866173
   290   2.1905078887939453 0 0 0.03439003601670265
   300   2.0544593334198 0 0 0.03481055423617363
   310   2.033402919769287 0 0 0.035046953707933426
   320   2.1281399726867676 0 0 0.03512027859687805
   330   2.0430428981781006 0 0 0.035460248589515686
l_NEW: 0.0, l_JD : 0.07, l_FMD: 0.0, l_MSE: 1.0, d_penalty: 0.0,step:20, L: 2, z_dim: 1, bs: 64, bit_rate: 2, s_b: False, dataset:mmnist_4_axis_random_sample_step
| EPOCH |      PLF-JD     |      PLF-FMD    |      PLF-NEW    |      MSE        |
   1   2.1026954650878906 0 0 0.03503724932670593
   10   2.018831253051758 0 0 0.035335805267095566
   20   1.9761179685592651 0 0 0.035500410944223404
   30   1.9329581260681152 0 0 0.03568180650472641
   40   1.9140914678573608 0 0 0.035516273230314255
   50   1.9417380094528198 0 0 0.03554224222898483
   60   1.8454807996749878 0 0 0.035514023154973984
   70   1.8435496091842651 0 0 0.036450646817684174
   80   1.8231946229934692 0 0 0.03545268252491951
   90   1.7753385305404663 0 0 0.035955723375082016
   100   1.747763752937317 0 0 0.03597158566117287
   110   1.746742844581604 0 0 0.03578290343284607
   120   1.8127517700195312 0 0 0.03723205253481865
   130   1.844135046005249 0 0 0.0372074656188488
   140   1.694995403289795 0 0 0.03659042716026306
   150   1.6551299095153809 0 0 0.037541355937719345
   160   1.6343111991882324 0 0 0.03706588223576546
   170   1.6540769338607788 0 0 0.03728986531496048
   180   1.8301299810409546 0 0 0.03819955140352249
   190   1.60196053981781 0 0 0.03781916946172714
   200   1.5385823249816895 0 0 0.03789055347442627
   210   1.5330430269241333 0 0 0.037374239414930344
   220   1.5293480157852173 0 0 0.037980563938617706
   230   1.5242657661437988 0 0 0.03883308917284012
   240   1.473764181137085 0 0 0.03841128945350647
   250   1.5190359354019165 0 0 0.03830936551094055
   260   1.5862892866134644 0 0 0.038247305899858475
   270   1.5140830278396606 0 0 0.038505058735609055
   280   1.52415931224823 0 0 0.03819745033979416
   290   1.4221763610839844 0 0 0.03785701468586922
   300   1.4017785787582397 0 0 0.038409680128097534
Total Training Time: 7.202297080953916 hours 
l_NEW: 0.0, l_JD : 0.07, l_FMD: 0.0, l_MSE: 1.0, d_penalty: 0.0,step:20, L: 2, z_dim: 1, bs: 64, bit_rate: 2, s_b: False, dataset:mmnist_4_axis_random_sample_step
| EPOCH |      PLF-JD     |      PLF-FMD    |      PLF-NEW    |      MSE        |
   1   1.4465848207473755 0 0 0.038225430995225906
   10   1.445180058479309 0 0 0.03768147900700569
   20   1.3612425327301025 0 0 0.03796089068055153
   30   1.3532310724258423 0 0 0.03808245435357094
   40   1.2883247137069702 0 0 0.03800180181860924
   50   1.2855830192565918 0 0 0.03875778242945671
   60   1.273129940032959 0 0 0.03827361762523651
   70   1.2575584650039673 0 0 0.037880875170230865
   80   1.2541589736938477 0 0 0.03770836815237999
   90   1.253585934638977 0 0 0.03756825998425484
   100   1.2295609712600708 0 0 0.03797697648406029
   110   1.240132451057434 0 0 0.03789335489273071
   120   1.2258100509643555 0 0 0.03818840906023979
   130   1.203725814819336 0 0 0.03729983791708946
   140   1.2388192415237427 0 0 0.038114264607429504
   150   1.1879441738128662 0 0 0.037149012088775635
   160   1.0915039777755737 0 0 0.037344809621572495
   170   1.1387042999267578 0 0 0.037222713232040405
   180   1.0564796924591064 0 0 0.03712437301874161
   190   1.1283514499664307 0 0 0.038240525871515274
   200   1.1427440643310547 0 0 0.03738934174180031
   210   1.1324418783187866 0 0 0.03683352842926979
   220   1.119912028312683 0 0 0.037862543016672134
   230   1.1434614658355713 0 0 0.03762730211019516
   240   1.0978888273239136 0 0 0.037911128252744675
   250   1.078965663909912 0 0 0.038145363330841064
   260   1.068142056465149 0 0 0.03756462782621384
   270   1.075086236000061 0 0 0.03768100216984749
   280   1.0995901823043823 0 0 0.03729911148548126
   290   1.0467455387115479 0 0 0.03760259971022606
   300   1.0518708229064941 0 0 0.03760148584842682
Total Training Time: 7.200298564036687 hours 
l_NEW: 0.0, l_JD : 0.07, l_FMD: 0.0, l_MSE: 1.0, d_penalty: 0.0,step:20, L: 2, z_dim: 1, bs: 64, bit_rate: 2, s_b: False, dataset:mmnist_4_axis_random_sample_step
| EPOCH |      PLF-JD     |      PLF-FMD    |      PLF-NEW    |      MSE        |
   1   1.0859909057617188 0 0 0.03736773878335953
   10   1.0456417798995972 0 0 0.0379045344889164
   20   1.0731170177459717 0 0 0.037734027951955795
   30   1.0796691179275513 0 0 0.03722655400633812
   40   1.0383026599884033 0 0 0.03721030429005623
   50   1.0722826719284058 0 0 0.03742512688040733
   60   0.9904483556747437 0 0 0.03845679759979248
   70   1.0087933540344238 0 0 0.038397110998630524
   80   1.0102990865707397 0 0 0.037740129977464676
   90   1.0208345651626587 0 0 0.037712372839450836
   100   0.98358553647995 0 0 0.03758056089282036
   110   0.9728420376777649 0 0 0.03812212496995926
   120   1.00387442111969 0 0 0.037413183599710464
   130   0.9992848634719849 0 0 0.038251206278800964
   140   1.0096200704574585 0 0 0.03801441565155983
   150   0.9341490864753723 0 0 0.037486255168914795
   160   0.96727454662323 0 0 0.03826090693473816
   170   0.9390324354171753 0 0 0.03823954239487648
   180   0.9342138171195984 0 0 0.03782358765602112
   190   0.9269332885742188 0 0 0.03849315270781517
   200   0.9250702857971191 0 0 0.03804182633757591
   210   0.8956134915351868 0 0 0.03787696734070778
   220   0.867598831653595 0 0 0.037901826202869415
   230   0.9312841892242432 0 0 0.03843839839100838
   240   0.9083185791969299 0 0 0.038056861609220505
   250   0.8717179298400879 0 0 0.03870336711406708
   260   0.9169006943702698 0 0 0.038828566670417786
   270   0.9114521741867065 0 0 0.03891175612807274
   280   0.9359638094902039 0 0 0.03896745294332504
   290   0.886478841304779 0 0 0.03911799192428589
   300   0.8742643594741821 0 0 0.03899989277124405
Total Training Time: 7.142104485432307 hours 
l_NEW: 0.0, l_JD : 0.07, l_FMD: 0.0, l_MSE: 1.0, d_penalty: 0.0,step:20, L: 2, z_dim: 1, bs: 64, bit_rate: 2, s_b: False, dataset:mmnist_4_axis_random_sample_step
| EPOCH |      PLF-JD     |      PLF-FMD    |      PLF-NEW    |      MSE        |
   1   0.9180999994277954 0 0 0.03886830434203148
   10   0.8430444002151489 0 0 0.03896317258477211
   20   0.8517373204231262 0 0 0.038432709872722626
   30   0.885635495185852 0 0 0.03881823644042015
   40   0.8940585851669312 0 0 0.039104558527469635
   50   0.9015609622001648 0 0 0.03847596049308777
   60   0.8206143975257874 0 0 0.038076676428318024
   70   0.8881547451019287 0 0 0.03825107216835022
   80   0.8789530396461487 0 0 0.03864928334951401
   90   0.8264272809028625 0 0 0.038569092750549316
   100   0.8820037841796875 0 0 0.03821771219372749
   110   0.8453798294067383 0 0 0.038642268627882004
   120   0.8745109438896179 0 0 0.03846648707985878
   130   0.862678050994873 0 0 0.03846455737948418
   140   0.8534333109855652 0 0 0.03819055110216141
   150   0.837826132774353 0 0 0.03824124485254288
   160   0.8424221277236938 0 0 0.038266342133283615
   170   0.8243932127952576 0 0 0.03858723118901253
   180   0.8380468487739563 0 0 0.03821316733956337
   190   0.8424118757247925 0 0 0.03820744529366493
   200   0.8486233949661255 0 0 0.03813491016626358
   210   0.8228592276573181 0 0 0.0379963219165802
   220   0.7925928831100464 0 0 0.0378270223736763
   230   0.8441489934921265 0 0 0.03787633776664734
   240   0.8049787878990173 0 0 0.03769573196768761
   250   0.8219406604766846 0 0 0.03826460242271423
   260   0.7731667160987854 0 0 0.03859120234847069
   270   0.8068094849586487 0 0 0.038397081196308136
   280   0.7990649342536926 0 0 0.03830539062619209
   290   0.8308371305465698 0 0 0.03822996839880943
   300   0.8226804733276367 0 0 0.038238827139139175
Total Training Time: 7.186704381505648 hours 
l_NEW: 0.0, l_JD : 0.07, l_FMD: 0.0, l_MSE: 1.0, d_penalty: 0.0,step:20, L: 2, z_dim: 1, bs: 64, bit_rate: 2, s_b: False, dataset:mmnist_4_axis_random_sample_step
| EPOCH |      PLF-JD     |      PLF-FMD    |      PLF-NEW    |      MSE        |
   1   1.8229113817214966 0 0 0.036390867084264755
   10   1.3322842121124268 0 0 0.03662160038948059
   20   1.3477951288223267 0 0 0.03750462830066681
   30   1.3272892236709595 0 0 0.0384935587644577
   40   1.3280693292617798 0 0 0.039221975952386856
   50   1.226416826248169 0 0 0.03955969959497452
   60   1.1890419721603394 0 0 0.03845582529902458
   70   1.1599291563034058 0 0 0.03858153522014618
   80   1.068099021911621 0 0 0.03823145478963852
   90   1.1291050910949707 0 0 0.03878383710980415
   100   0.9557949900627136 0 0 0.03871411085128784
   110   0.9778571724891663 0 0 0.04020524397492409
   120   0.9310187697410583 0 0 0.03895376995205879
   130   0.9978765249252319 0 0 0.04024912044405937
   140   0.935499906539917 0 0 0.0392482653260231
   150   0.8601493835449219 0 0 0.04006557911634445
   160   0.9445050954818726 0 0 0.03970853239297867
   170   0.8792127966880798 0 0 0.04127649590373039
   180   0.8507484793663025 0 0 0.04024017974734306
   190   0.8171207308769226 0 0 0.04026487469673157
   200   0.9480852484703064 0 0 0.03970891982316971
   210   0.8119863867759705 0 0 0.039898715913295746
   220   0.8202713131904602 0 0 0.039990123361349106
   230   0.7938807010650635 0 0 0.03973858058452606
   240   0.8347662091255188 0 0 0.04016880691051483
   250   0.8126036524772644 0 0 0.03995175287127495
   260   0.7548818588256836 0 0 0.038962338119745255
   270   0.7505224347114563 0 0 0.03939126059412956
   280   0.6969083547592163 0 0 0.03989550843834877
   290   0.7169645428657532 0 0 0.03958998620510101
   300   0.733526885509491 0 0 0.0390089675784111
Total Training Time: 7.125313324067328 hours 
