l_NEW: 0.0, l_JD : 0.0, l_FMD: 0.07, l_MSE: 1.0, d_penalty: 0.0,step:15, L: 2, z_dim: 1, bs: 64, bit_rate: 2, s_b: False
| EPOCH |      PLF-JD     |      PLF-FMD    |      PLF-NEW    |      MSE        |
   1   0 3.909545660018921 0 0.026050765067338943
   10   0 3.2007267475128174 0 0.027548575773835182
   20   0 2.651245355606079 0 0.029421791434288025
   30   0 2.34582257270813 0 0.028391269966959953
   40   0 2.1298255920410156 0 0.02981656603515148
   50   0 1.9547356367111206 0 0.029426831752061844
   60   0 1.8566703796386719 0 0.029649123549461365
   70   0 1.7106263637542725 0 0.02991284616291523
   80   0 1.6472625732421875 0 0.030196741223335266
   90   0 1.6117953062057495 0 0.030034469440579414
   100   0 1.5991171598434448 0 0.030205462127923965
   110   0 1.531315803527832 0 0.030242858454585075
   120   0 1.533876657485962 0 0.030423518270254135
   130   0 1.4965541362762451 0 0.030027959495782852
   140   0 1.4744648933410645 0 0.030573690310120583
   150   0 1.4405988454818726 0 0.030502399429678917
   160   0 1.4122487306594849 0 0.03061687760055065
   170   0 1.3916393518447876 0 0.03033156506717205
   180   0 1.3777282238006592 0 0.030430389568209648
   190   0 1.3268153667449951 0 0.030212631449103355
   200   0 1.3392529487609863 0 0.030126774683594704
   210   0 1.305483341217041 0 0.030757267028093338
   220   0 1.2751959562301636 0 0.031087825074791908
   230   0 1.2211918830871582 0 0.030522385612130165
   240   0 1.1798399686813354 0 0.030438758432865143
   250   0 1.22615647315979 0 0.030012095347046852
   260   0 1.2132176160812378 0 0.02999803051352501
   270   0 1.1737027168273926 0 0.031057925894856453
   280   0 1.090268850326538 0 0.03155522793531418
   290   0 1.2074192762374878 0 0.03143385797739029
