l_NEW: 0.005, l_JD : 0.0, l_FMD: 0.0, l_MSE: 1.0, d_penalty: 0.0, L: 2, z_dim: 2, bs: 64
| EPOCH |      PLF-JD     |      PLF-FMD    |      PLF-NEW    |      MSE        |
   1   0 0 2.9103312492370605 0.017748789861798286
   10   0 0 1.908507227897644 0.019940348342061043
   20   0 0 1.700074315071106 0.020385125651955605
   30   0 0 1.7458597421646118 0.020298780873417854
   40   0 0 1.7192679643630981 0.02065720595419407
   50   0 0 1.6843905448913574 0.020438015460968018
   60   0 0 1.592705488204956 0.02037510648369789
   70   0 0 1.6018314361572266 0.020734427496790886
Total Training Time: 3.4270105287763806 hours 
l_NEW: 0.005, l_JD : 0.0, l_FMD: 0.0, l_MSE: 1.0, d_penalty: 0.0, L: 2, z_dim: 2, bs: 64
| EPOCH |      PLF-JD     |      PLF-FMD    |      PLF-NEW    |      MSE        |
   1   0 0 1.6327177286148071 0.02050478756427765
   10   0 0 1.7223855257034302 0.020338114351034164
   20   0 0 1.6516591310501099 0.020572621375322342
   30   0 0 1.6042729616165161 0.020608345046639442
   40   0 0 1.5649665594100952 0.02078808844089508
   50   0 0 1.6070421934127808 0.020552724599838257
   60   0 0 1.6119709014892578 0.02047974057495594
   70   0 0 1.486427664756775 0.020913345739245415
Total Training Time: 3.4564671721723346 hours 
l_NEW: 0.005, l_JD : 0.0, l_FMD: 0.0, l_MSE: 1.0, d_penalty: 0.0, L: 2, z_dim: 2, bs: 64
| EPOCH |      PLF-JD     |      PLF-FMD    |      PLF-NEW    |      MSE        |
   1   0 0 1.6327552795410156 0.02056781016290188
   10   0 0 1.4416561126708984 0.020963063463568687
   20   0 0 1.4476677179336548 0.02131022699177265
   30   0 0 1.4461543560028076 0.021021423861384392
   40   0 0 1.4050381183624268 0.020887168124318123
   50   0 0 1.5449466705322266 0.020482506603002548
   60   0 0 1.4335490465164185 0.0211078729480505
   70   0 0 1.4328112602233887 0.020990770310163498
Total Training Time: 3.5508972020281684 hours 
l_NEW: 0.005, l_JD : 0.0, l_FMD: 0.0, l_MSE: 1.0, d_penalty: 0.0, L: 2, z_dim: 2, bs: 64
| EPOCH |      PLF-JD     |      PLF-FMD    |      PLF-NEW    |      MSE        |
   1   0 0 1.593712329864502 0.02059188485145569
   10   0 0 1.4362730979919434 0.020972760394215584
   20   0 0 1.4233964681625366 0.021085387095808983
   30   0 0 1.4403520822525024 0.020870981737971306
   40   0 0 1.4250832796096802 0.020961204543709755
   50   0 0 1.4664928913116455 0.020804570987820625
   60   0 0 1.4368616342544556 0.020978743210434914
   70   0 0 1.5215002298355103 0.02058459259569645
   80   0 0 1.3764302730560303 0.021076811477541924
Total Training Time: 3.991603363553683 hours 
l_NEW: 0.005, l_JD : 0.0, l_FMD: 0.0, l_MSE: 1.0, d_penalty: 0.0, L: 2, z_dim: 2, bs: 64
| EPOCH |      PLF-JD     |      PLF-FMD    |      PLF-NEW    |      MSE        |
   1   0 0 1.368857979774475 0.02114868350327015
   10   0 0 1.4141223430633545 0.02100740373134613
Total Training Time: 0.49219464043776195 hours 
