l_NEW: 0.0, l_JD : 0.07, l_FMD: 0.0, l_MSE: 1.0, d_penalty: 0.0,step:[11, 5], L: 2, z_dim: 1, bs: 64, bit_rate: 2, s_b: False, dataset:mmnist_unidir_4_axis_random
| EPOCH |      PLF-JD     |      PLF-FMD    |      PLF-NEW    |      MSE        |
   1   3.788174867630005 0 0 0.029572054743766785
   10   3.378326177597046 0 0 0.03137127682566643
   20   3.169013738632202 0 0 0.03251073136925697
   30   3.0733954906463623 0 0 0.03380347043275833
   40   3.1480777263641357 0 0 0.03494640067219734
   50   3.1645638942718506 0 0 0.033323053270578384
   60   3.4008026123046875 0 0 0.03405177593231201
   70   3.614553451538086 0 0 0.03454262763261795
   80   3.880178689956665 0 0 0.03372131660580635
   90   4.0086822509765625 0 0 0.03366369381546974
   100   3.904447317123413 0 0 0.03359811753034592
   110   3.996702194213867 0 0 0.034774113446474075
   120   4.132123947143555 0 0 0.03400798514485359
   130   4.040231227874756 0 0 0.034331440925598145
   140   4.086781024932861 0 0 0.03445737808942795
   150   4.077096939086914 0 0 0.03388071432709694
   160   3.9276182651519775 0 0 0.03400694206357002
   170   4.057138919830322 0 0 0.034108731895685196
   180   3.833696126937866 0 0 0.03505780175328255
   190   3.8525187969207764 0 0 0.035093098878860474
   200   3.79263973236084 0 0 0.03416600823402405
   210   3.774519443511963 0 0 0.034187931567430496
   220   3.830810785293579 0 0 0.03321795165538788
   230   3.6537458896636963 0 0 0.033707693219184875
   240   3.7035908699035645 0 0 0.033577077090740204
   250   3.5319862365722656 0 0 0.033935826271772385
   260   3.590089797973633 0 0 0.03395373746752739
   270   3.429469108581543 0 0 0.03441569209098816
   280   3.4293711185455322 0 0 0.03474085032939911
   290   3.3457040786743164 0 0 0.034152764827013016
   300   3.2833445072174072 0 0 0.03468327596783638
   310   3.247006416320801 0 0 0.034020837396383286
   320   3.328064203262329 0 0 0.03428912162780762
   330   3.247363805770874 0 0 0.03427732363343239
   340   3.163412570953369 0 0 0.03406809642910957
   350   3.2904927730560303 0 0 0.03359825536608696
   360   3.280693531036377 0 0 0.034303925931453705
   370   3.2434499263763428 0 0 0.034088730812072754
   380   3.209721565246582 0 0 0.03370031714439392
   390   3.08068585395813 0 0 0.033976878970861435
   400   3.095892906188965 0 0 0.03374706581234932
   410   3.0423636436462402 0 0 0.03401489183306694
   420   3.138719320297241 0 0 0.034108687192201614
   430   3.0472278594970703 0 0 0.033938709646463394
   440   2.918179988861084 0 0 0.03415635973215103
   450   3.0158231258392334 0 0 0.034299518913030624
   460   3.025542736053467 0 0 0.03421923145651817
   470   2.975414991378784 0 0 0.03363648056983948
   480   2.9114832878112793 0 0 0.03427743539214134
   490   2.9130587577819824 0 0 0.03410612419247627
   500   2.876530170440674 0 0 0.03401092067360878
Total Training Time: 11.9270359202226 hours 
l_NEW: 0.0, l_JD : 0.07, l_FMD: 0.0, l_MSE: 1.0, d_penalty: 0.0,step:[11, 5], L: 2, z_dim: 1, bs: 64, bit_rate: 2, s_b: False, dataset:mmnist_unidir_4_axis_random
| EPOCH |      PLF-JD     |      PLF-FMD    |      PLF-NEW    |      MSE        |
   1   2.9204154014587402 0 0 0.03469996154308319
   10   2.9059383869171143 0 0 0.03438437357544899
   20   2.8170948028564453 0 0 0.03513465076684952
   30   2.8420917987823486 0 0 0.03458761051297188
   40   2.9045610427856445 0 0 0.0347108468413353
   50   2.780834913253784 0 0 0.03454979881644249
   60   2.7247204780578613 0 0 0.034683749079704285
   70   2.729886293411255 0 0 0.03491734340786934
   80   2.7223403453826904 0 0 0.034313831478357315
   90   2.6647534370422363 0 0 0.03395756706595421
   100   2.6462464332580566 0 0 0.03425426036119461
   110   2.691533088684082 0 0 0.03457309305667877
   120   2.6372323036193848 0 0 0.03486298397183418
   130   2.6853079795837402 0 0 0.03421411290764809
   140   2.6213290691375732 0 0 0.03417663648724556
   150   2.6303610801696777 0 0 0.034426938742399216
   160   2.611903429031372 0 0 0.0345906987786293
   170   2.627493143081665 0 0 0.034464478492736816
   180   2.542320966720581 0 0 0.03434373065829277
   190   2.6506683826446533 0 0 0.03504452854394913
   200   2.5282225608825684 0 0 0.03553289175033569
   210   2.552503824234009 0 0 0.035133928060531616
   220   2.620001792907715 0 0 0.03556312248110771
   230   2.464829206466675 0 0 0.035082701593637466
   240   2.382983684539795 0 0 0.03525298833847046
   250   2.415555000305176 0 0 0.035031866282224655
   260   2.4572136402130127 0 0 0.03534423187375069
   270   2.4074349403381348 0 0 0.03549066558480263
   280   2.460848808288574 0 0 0.03481245040893555
   290   2.5698301792144775 0 0 0.03513632342219353
   300   2.4596338272094727 0 0 0.03491738811135292
   310   2.406165599822998 0 0 0.03517811372876167
   320   2.405027389526367 0 0 0.03514832258224487
   330   2.3810346126556396 0 0 0.03491624817252159
   340   2.3212666511535645 0 0 0.03423774242401123
   350   2.3654279708862305 0 0 0.03461158648133278
   360   2.3238532543182373 0 0 0.03424638509750366
   370   2.299703598022461 0 0 0.03477870672941208
   380   2.2916693687438965 0 0 0.03456736356019974
   390   2.333174467086792 0 0 0.03500545024871826
   400   2.368753433227539 0 0 0.03502446413040161
   410   2.3405394554138184 0 0 0.03545154258608818
   420   2.3146190643310547 0 0 0.03465811535716057
   430   2.3611369132995605 0 0 0.03491896390914917
   440   2.3125009536743164 0 0 0.035653743892908096
   450   2.298978805541992 0 0 0.03538395091891289
   460   2.321519374847412 0 0 0.03507428616285324
   470   2.364297866821289 0 0 0.03508525341749191
   480   2.3556156158447266 0 0 0.035301633179187775
   490   2.3918397426605225 0 0 0.03601513430476189
l_NEW: 0.0, l_JD : 0.07, l_FMD: 0.0, l_MSE: 1.0, d_penalty: 0.0,step:[11, 5], L: 2, z_dim: 1, bs: 64, bit_rate: 2, s_b: False, dataset:mmnist_unidir_4_axis_random
| EPOCH |      PLF-JD     |      PLF-FMD    |      PLF-NEW    |      MSE        |
   1   2.5069708824157715 0 0 0.03584035858511925
   10   2.312924861907959 0 0 0.035390812903642654
   20   2.200225591659546 0 0 0.03554141893982887
   30   2.196378231048584 0 0 0.03553098440170288
   40   2.2455976009368896 0 0 0.035754792392253876
   50   2.253005027770996 0 0 0.03528440371155739
   60   2.217031955718994 0 0 0.03597990795969963
   70   2.206681728363037 0 0 0.035966821014881134
   80   2.153736114501953 0 0 0.03570060059428215
   90   2.156944751739502 0 0 0.03565610572695732
   100   2.13163161277771 0 0 0.03519576042890549
   110   2.0436787605285645 0 0 0.03539745882153511
   120   2.118206262588501 0 0 0.03495163470506668
   130   2.0704193115234375 0 0 0.03479462489485741
   140   2.0791850090026855 0 0 0.03497225046157837
   150   2.026693820953369 0 0 0.03492531180381775
   160   2.0796334743499756 0 0 0.0348588228225708
   170   2.0745012760162354 0 0 0.03517799824476242
   180   2.1259994506835938 0 0 0.034627240151166916
   190   2.0993270874023438 0 0 0.035214200615882874
   200   2.1262705326080322 0 0 0.03490840643644333
   210   2.0664618015289307 0 0 0.03530968353152275
   220   2.0530192852020264 0 0 0.03533418849110603
   230   2.218778133392334 0 0 0.03559339419007301
   240   2.0659914016723633 0 0 0.03623877838253975
   250   2.022977828979492 0 0 0.03589921444654465
   260   2.0024101734161377 0 0 0.03541252017021179
   270   2.0021793842315674 0 0 0.03556785732507706
   280   1.9539486169815063 0 0 0.035795457661151886
   290   1.929954171180725 0 0 0.03577964007854462
   300   1.9609965085983276 0 0 0.03550099581480026
   310   2.013152837753296 0 0 0.03614190220832825
   320   2.0148086547851562 0 0 0.03641834855079651
   330   1.9365441799163818 0 0 0.03591316565871239
   340   2.064410448074341 0 0 0.035784050822257996
   350   2.0775437355041504 0 0 0.03646146506071091
   360   2.0720279216766357 0 0 0.03669384494423866
   370   1.9594007730484009 0 0 0.036649737507104874
   380   2.0071613788604736 0 0 0.036933984607458115
   390   1.9417611360549927 0 0 0.03639247268438339
   400   1.9820455312728882 0 0 0.036433879286050797
   410   1.9662494659423828 0 0 0.03704790398478508
   420   2.0025620460510254 0 0 0.036599162966012955
   430   1.9301589727401733 0 0 0.03681206330657005
   440   1.9317150115966797 0 0 0.03739357739686966
   450   2.0697784423828125 0 0 0.037326499819755554
   460   1.9428445100784302 0 0 0.037182312458753586
   470   2.001260280609131 0 0 0.03687622770667076
   480   1.992095708847046 0 0 0.03759365528821945
   490   2.0096805095672607 0 0 0.03745387867093086
l_NEW: 0.0, l_JD : 0.07, l_FMD: 0.0, l_MSE: 1.0, d_penalty: 0.0,step:[11, 5], L: 2, z_dim: 1, bs: 64, bit_rate: 2, s_b: False, dataset:mmnist_unidir_4_axis_random
| EPOCH |      PLF-JD     |      PLF-FMD    |      PLF-NEW    |      MSE        |
   1   2.074730634689331 0 0 0.036916352808475494
   10   1.97727370262146 0 0 0.036721181124448776
   20   1.935119867324829 0 0 0.03707271069288254
   30   1.9192826747894287 0 0 0.03728179633617401
   40   1.94856858253479 0 0 0.03714577853679657
   50   1.9390889406204224 0 0 0.03688526153564453
   60   1.916826844215393 0 0 0.03695892170071602
   70   1.8763442039489746 0 0 0.03759360685944557
   80   1.87184739112854 0 0 0.037925709038972855
   90   1.9074989557266235 0 0 0.037173666059970856
   100   1.8818377256393433 0 0 0.036730241030454636
   110   1.878132700920105 0 0 0.0375850535929203
   120   1.8405505418777466 0 0 0.03750038892030716
   130   1.8404051065444946 0 0 0.03753484785556793
   140   1.882969856262207 0 0 0.03841117024421692
   150   1.8238836526870728 0 0 0.038234639912843704
   160   1.8579329252243042 0 0 0.03855803981423378
