l_NEW: 0.0, l_JD : 0.06, l_FMD: 0.0, l_MSE: 1.0,step: 20, d_penalty: 0.0, L: 2, z_dim: 1-4, bs: 64, dataset: mmnist_4_axis_random_sample_step
| EPOCH |      PLF-JD     |      PLF-FMD    |      PLF-NEW    |      MSE        |
   1   14.01682186126709 0 0 0.04289210960268974
   10   5.56248664855957 0 0 0.02556431293487549
   20   5.643980503082275 0 0 0.02669602446258068
   30   6.057627201080322 0 0 0.027482302859425545
   40   5.869090557098389 0 0 0.028697112575173378
   50   6.164222717285156 0 0 0.02700291946530342
   60   6.025915145874023 0 0 0.02848193794488907
   70   6.093231678009033 0 0 0.02906998246908188
   80   6.057577610015869 0 0 0.029276110231876373
   90   6.015651226043701 0 0 0.031018346548080444
   100   6.0917792320251465 0 0 0.02878466248512268
   110   6.0888590812683105 0 0 0.029188165441155434
   120   6.0659098625183105 0 0 0.029366236180067062
   130   6.048386573791504 0 0 0.02897402085363865
   140   6.119845390319824 0 0 0.030293991789221764
   150   6.193453311920166 0 0 0.030479436740279198
   160   6.3156304359436035 0 0 0.02878566086292267
   170   6.121946334838867 0 0 0.03048107586801052
   180   6.342935085296631 0 0 0.029558109119534492
   190   6.1282877922058105 0 0 0.028860481455922127
   200   6.270648002624512 0 0 0.030449558049440384
   210   6.315798759460449 0 0 0.030039196833968163
   220   6.4619832038879395 0 0 0.02819211594760418
   230   6.459156513214111 0 0 0.029314666986465454
   240   6.509860515594482 0 0 0.028762120753526688
   250   6.431148529052734 0 0 0.02903890050947666
   260   6.4682841300964355 0 0 0.027424709871411324
   270   6.308966636657715 0 0 0.029503382742404938
   280   6.511573314666748 0 0 0.03017233870923519
   290   6.315389633178711 0 0 0.02938663586974144
   300   6.4351654052734375 0 0 0.02825579047203064
   310   6.41766881942749 0 0 0.029569093137979507
   320   6.529996395111084 0 0 0.02917679026722908
   330   6.514683723449707 0 0 0.028031639754772186
   340   6.396242618560791 0 0 0.027787966653704643
   350   6.557498455047607 0 0 0.028081387281417847
   360   6.555166244506836 0 0 0.027212651446461678
   370   6.508007526397705 0 0 0.02838362753391266
   380   6.49193000793457 0 0 0.02808747999370098
   390   6.497567653656006 0 0 0.027752138674259186
