l_NEW: 0.0, l_JD : 0.07, l_FMD: 0.0, l_MSE: 1.0,step: 15, d_penalty: 0.0, L: 2, z_dim: 1-4, bs: 64
| EPOCH |      PLF-JD     |      PLF-FMD    |      PLF-NEW    |      MSE        |
   1   2.9586544036865234 0 0 0.02308608964085579
   10   2.190258026123047 0 0 0.02540264092385769
   20   2.1293106079101562 0 0 0.025999590754508972
   30   2.0327460765838623 0 0 0.02685161866247654
   40   2.050917863845825 0 0 0.02631976641714573
   50   2.0042788982391357 0 0 0.02634851261973381
   60   2.0800576210021973 0 0 0.026450850069522858
   70   2.053544521331787 0 0 0.026261774823069572
   80   2.0047190189361572 0 0 0.025925379246473312
   90   1.9664690494537354 0 0 0.026581918820738792
   100   1.9518954753875732 0 0 0.026068486273288727
   110   1.9675768613815308 0 0 0.026213282719254494
   120   1.9184236526489258 0 0 0.026416726410388947
   130   1.9777822494506836 0 0 0.026669878512620926
l_NEW: 0.0, l_JD : 0.07, l_FMD: 0.0, l_MSE: 1.0,step: 15, d_penalty: 0.0, L: 2, z_dim: 1-4, bs: 64
| EPOCH |      PLF-JD     |      PLF-FMD    |      PLF-NEW    |      MSE        |
   1   1.8793911933898926 0 0 0.026526223868131638
   10   1.8726825714111328 0 0 0.0261734239757061
   20   1.878710150718689 0 0 0.026600996032357216
   30   1.8358041048049927 0 0 0.026485679671168327
   40   1.86711585521698 0 0 0.026561314240098
   50   1.8579506874084473 0 0 0.02677830122411251
   60   1.8449864387512207 0 0 0.026559755206108093
   70   1.8447526693344116 0 0 0.026520775631070137
   80   1.7914899587631226 0 0 0.026571642607450485
   90   1.7321118116378784 0 0 0.02652924694120884
   100   1.806593418121338 0 0 0.026201583445072174
   110   1.7522028684616089 0 0 0.026716262102127075
   120   1.7810133695602417 0 0 0.025998340919613838
   130   1.790732979774475 0 0 0.02614203840494156
l_NEW: 0.0, l_JD : 0.07, l_FMD: 0.0, l_MSE: 1.0,step: 15, d_penalty: 0.0, L: 2, z_dim: 1-4, bs: 64
| EPOCH |      PLF-JD     |      PLF-FMD    |      PLF-NEW    |      MSE        |
   1   1.7326964139938354 0 0 0.02661663107573986
   10   1.7244338989257812 0 0 0.026178570464253426
   20   1.6978785991668701 0 0 0.026823725551366806
   30   1.7484955787658691 0 0 0.026788126677274704
   40   1.7436963319778442 0 0 0.02619650959968567
   50   1.7468870878219604 0 0 0.02665575221180916
   60   1.6869460344314575 0 0 0.026249026879668236
   70   1.7153191566467285 0 0 0.026820063591003418
   80   1.6966561079025269 0 0 0.026215817779302597
   90   1.6943727731704712 0 0 0.026661986485123634
   100   1.6387656927108765 0 0 0.026339124888181686
   110   1.6382874250411987 0 0 0.026507414877414703
   120   1.6547166109085083 0 0 0.026102783158421516
   130   1.6627780199050903 0 0 0.026110004633665085
l_NEW: 0.0, l_JD : 0.07, l_FMD: 0.0, l_MSE: 1.0,step: 15, d_penalty: 0.0, L: 2, z_dim: 1-4, bs: 64
| EPOCH |      PLF-JD     |      PLF-FMD    |      PLF-NEW    |      MSE        |
   1   1.7187058925628662 0 0 0.026326773688197136
   10   1.6795539855957031 0 0 0.026664352044463158
   20   1.6552103757858276 0 0 0.026138195767998695
   30   1.6645573377609253 0 0 0.026065461337566376
   40   1.6005345582962036 0 0 0.026368306949734688
   50   1.641990303993225 0 0 0.02620418556034565
   60   1.626624345779419 0 0 0.02623869478702545
Total Training Time: 3.4652148404386307 hours 
