l_NEW: 0.0, l_JD : 0.005, l_FMD: 0.0, l_MSE: 1.0, d_penalty: 0.0,step:20, L: 2, z_dim: 1, bs: 64, bit_rate: 2, s_b: False, dataset:mmnist_4_axis_random_sample_step
| EPOCH |      PLF-JD     |      PLF-FMD    |      PLF-NEW    |      MSE        |
   1   5.158957004547119 0 0 0.023468565195798874
   10   4.896041393280029 0 0 0.024329418316483498
   20   4.125683784484863 0 0 0.02561783604323864
   30   3.9542384147644043 0 0 0.02550758235156536
   40   3.855755090713501 0 0 0.02607390284538269
   50   3.521684408187866 0 0 0.02649831771850586
   60   3.3578009605407715 0 0 0.026914218440651894
   70   3.3408679962158203 0 0 0.027180738747119904
   80   3.2416939735412598 0 0 0.02724739909172058
   90   3.2028088569641113 0 0 0.027239175513386726
   100   2.9976747035980225 0 0 0.027802031487226486
   110   3.048513650894165 0 0 0.02730252593755722
   120   2.8479766845703125 0 0 0.027553724125027657
   130   2.9486520290374756 0 0 0.027545448392629623
   140   2.742342472076416 0 0 0.027999132871627808
   150   2.703672170639038 0 0 0.02815702185034752
   160   2.7807815074920654 0 0 0.02820694074034691
   170   2.9097533226013184 0 0 0.027604766190052032
   180   2.811495542526245 0 0 0.027680102735757828
   190   2.656813383102417 0 0 0.02822824753820896
   200   2.7039010524749756 0 0 0.027706854045391083
   210   2.5655996799468994 0 0 0.028419064357876778
   220   2.442192316055298 0 0 0.028571568429470062
   230   2.4872002601623535 0 0 0.028516219928860664
   240   2.5987343788146973 0 0 0.028412360697984695
   250   2.601104497909546 0 0 0.027849191799759865
   260   2.3593969345092773 0 0 0.028650257736444473
   270   2.4050018787384033 0 0 0.028373733162879944
   280   2.4515066146850586 0 0 0.02853466384112835
   290   2.457818031311035 0 0 0.02838057465851307
   300   2.4060211181640625 0 0 0.02878144383430481
   310   2.4277150630950928 0 0 0.027953365817666054
   320   2.405258893966675 0 0 0.02851816639304161
   330   2.3613250255584717 0 0 0.028602130711078644
