l_NEW: 0.0, l_JD : 0.0, l_FMD: 0.002, l_MSE: 1.0, d_penalty: 0.0, L: 2, z_dim: 4, bs: 64
| EPOCH |      PLF-JD     |      PLF-FMD    |      PLF-NEW    |      MSE        |
   1   0 3.544603109359741 0 0.012618948705494404
   10   0 2.952495813369751 0 0.013412750326097012
   20   0 2.7497122287750244 0 0.013685006648302078
   30   0 2.5529375076293945 0 0.0136665478348732
   40   0 2.566715717315674 0 0.013735700398683548
   50   0 2.485407590866089 0 0.013874261640012264
   60   0 2.4459989070892334 0 0.013870207592844963
   70   0 2.3039329051971436 0 0.01399119384586811
   80   0 2.3896400928497314 0 0.01388575416058302
   90   0 2.4029059410095215 0 0.013917711563408375
   100   0 2.3185513019561768 0 0.014041014015674591
   110   0 2.319570541381836 0 0.014083840884268284
   120   0 2.2883496284484863 0 0.013935329392552376
   130   0 2.3037269115448 0 0.014045354910194874
   140   0 2.2616426944732666 0 0.01397787220776081
   150   0 2.3362808227539062 0 0.01402556337416172
Total Training Time: 7.099460538890627 hours 
l_NEW: 0.0, l_JD : 0.0, l_FMD: 0.002, l_MSE: 1.0, d_penalty: 0.0, L: 2, z_dim: 4, bs: 64
| EPOCH |      PLF-JD     |      PLF-FMD    |      PLF-NEW    |      MSE        |
   1   0 2.3241147994995117 0 0.014086615294218063
   10   0 2.265766143798828 0 0.014060732908546925
   20   0 2.1894819736480713 0 0.014117775484919548
   30   0 2.2458629608154297 0 0.014027786441147327
   40   0 2.2351441383361816 0 0.014022556133568287
   50   0 2.244943618774414 0 0.01404937356710434
   60   0 2.185072183609009 0 0.014078914187848568
   70   0 2.181427478790283 0 0.014183899387717247
   80   0 2.3032443523406982 0 0.014030001126229763
   90   0 2.220438241958618 0 0.014119245111942291
   100   0 2.2108168601989746 0 0.014124204404652119
   110   0 2.181419610977173 0 0.014078976586461067
   120   0 2.1915016174316406 0 0.014047703705728054
   130   0 2.2225842475891113 0 0.01398199237883091
   140   0 2.159728527069092 0 0.014132589101791382
   150   0 2.0824575424194336 0 0.014142544008791447
Total Training Time: 7.1420575696229935 hours 
