l_NEW: 0.0, l_JD : 0.0, l_FMD: 0.04, l_MSE: 1.0, d_penalty: 0.0, L: 2, z_dim: 2, bs: 64
| EPOCH |      PLF-JD     |      PLF-FMD    |      PLF-NEW    |      MSE        |
   1   0 2.2862536907196045 0 0.02290852926671505
   10   0 1.2763087749481201 0 0.024129381403326988
   20   0 1.224251627922058 0 0.023893870413303375
   30   0 1.1601063013076782 0 0.02363966405391693
   40   0 1.0116382837295532 0 0.024180592969059944
   50   0 1.0073156356811523 0 0.023877352476119995
   60   0 0.992297351360321 0 0.024128185585141182
   70   0 0.9382686614990234 0 0.02388242445886135
   80   0 0.8862335085868835 0 0.02372802421450615
   90   0 0.8713859915733337 0 0.024344490841031075
   100   0 0.8473474383354187 0 0.02398194745182991
   110   0 0.8031487464904785 0 0.024048563092947006
   120   0 0.8056199550628662 0 0.02408168837428093
   130   0 0.7710451483726501 0 0.02401636727154255
   140   0 0.7824941277503967 0 0.024127937853336334
   150   0 0.7695392370223999 0 0.02423783391714096
   160   0 0.7273395657539368 0 0.024010401219129562
   170   0 0.7311177253723145 0 0.024213425815105438
   180   0 0.7291989326477051 0 0.024014214053750038
   190   0 0.7072787284851074 0 0.024375781416893005
   200   0 0.6890459656715393 0 0.023657266050577164
   210   0 0.6949484944343567 0 0.023715931922197342
   220   0 0.6702030897140503 0 0.023817017674446106
Total Training Time: 9.971037119030953 hours 
l_NEW: 0.0, l_JD : 0.0, l_FMD: 0.04, l_MSE: 1.0, d_penalty: 0.0, L: 2, z_dim: 2, bs: 64
| EPOCH |      PLF-JD     |      PLF-FMD    |      PLF-NEW    |      MSE        |
   1   0 0.6991249322891235 0 0.023946955800056458
   10   0 0.6127712726593018 0 0.024120839312672615
   20   0 0.6787769198417664 0 0.023930838331580162
   30   0 0.6175220012664795 0 0.023845689371228218
   40   0 0.6419126391410828 0 0.023726092651486397
   50   0 0.6267019510269165 0 0.02409943751990795
   60   0 0.6272928714752197 0 0.023446902632713318
   70   0 0.6222622394561768 0 0.023447023704648018
   80   0 0.6232960820198059 0 0.02371481992304325
Total Training Time: 3.8839627967940435 hours 
