l_NEW: 0.0, l_JD : 0.04, l_FMD: 0.0, l_MSE: 1.0,step: 15, d_penalty: 0.0, L: 2, z_dim: 1-4, bs: 64
| EPOCH |      PLF-JD     |      PLF-FMD    |      PLF-NEW    |      MSE        |
l_NEW: 0.0, l_JD : 0.04, l_FMD: 0.0, l_MSE: 1.0,step: 15, d_penalty: 0.0, L: 2, z_dim: 1-4, bs: 64
| EPOCH |      PLF-JD     |      PLF-FMD    |      PLF-NEW    |      MSE        |
   1   3.222444772720337 0 0 0.02174912393093109
   1   2.5778274536132812 0 0 0.020351160317659378
   10   2.0584120750427246 0 0 0.022411545738577843
   10   2.3326330184936523 0 0 0.025699248537421227
   20   1.9111343622207642 0 0 0.022735217586159706
   20   2.1622488498687744 0 0 0.025150198489427567
   30   1.8872352838516235 0 0 0.023604614660143852
   30   2.051762104034424 0 0 0.026127440854907036
   40   1.8974539041519165 0 0 0.023877419531345367
   40   2.1123082637786865 0 0 0.025214461609721184
   50   1.8528701066970825 0 0 0.02378401905298233
   50   2.034914493560791 0 0 0.026643628254532814
   60   1.8906080722808838 0 0 0.02363288216292858
   60   2.0666885375976562 0 0 0.026242511346936226
   70   1.7784899473190308 0 0 0.0236672293394804
   70   1.9833853244781494 0 0 0.026046879589557648
   80   1.854038953781128 0 0 0.0236581452190876
   80   2.048288106918335 0 0 0.02579614892601967
   90   1.8169010877609253 0 0 0.023547424003481865
   90   1.9917269945144653 0 0 0.02555288001894951
   100   1.7872759103775024 0 0 0.02375122532248497
   100   1.9737706184387207 0 0 0.02626732736825943
   110   1.7548953294754028 0 0 0.023257987573742867
   110   1.9736912250518799 0 0 0.025961197912693024
   120   1.9927868843078613 0 0 0.02609620988368988
   130   1.9701017141342163 0 0 0.02568424493074417
l_NEW: 0.0, l_JD : 0.04, l_FMD: 0.0, l_MSE: 1.0,step: 15, d_penalty: 0.0, L: 2, z_dim: 1-4, bs: 64
| EPOCH |      PLF-JD     |      PLF-FMD    |      PLF-NEW    |      MSE        |
   1   1.7182197570800781 0 0 0.024371840059757233
   10   1.8127648830413818 0 0 0.024075418710708618
   20   1.8307628631591797 0 0 0.02389669418334961
   30   1.8605684041976929 0 0 0.023695630952715874
   40   1.8521881103515625 0 0 0.023727677762508392
   50   1.8274110555648804 0 0 0.023751910775899887
   60   1.7361055612564087 0 0 0.024201111868023872
   70   1.8120511770248413 0 0 0.023394227027893066
   80   1.749325156211853 0 0 0.023586131632328033
   90   1.745987892150879 0 0 0.023700889199972153
   100   1.7793562412261963 0 0 0.023722898215055466
   110   1.7521063089370728 0 0 0.023693960160017014
   120   1.7499076128005981 0 0 0.023790203034877777
   130   1.7184115648269653 0 0 0.02395794726908207
l_NEW: 0.0, l_JD : 0.04, l_FMD: 0.0, l_MSE: 1.0,step: 15, d_penalty: 0.0, L: 2, z_dim: 1-4, bs: 64
| EPOCH |      PLF-JD     |      PLF-FMD    |      PLF-NEW    |      MSE        |
   1   1.793987512588501 0 0 0.023943668231368065
   10   1.6847728490829468 0 0 0.023889929056167603
   20   1.6588116884231567 0 0 0.02387099713087082
   30   1.7017358541488647 0 0 0.023770548403263092
   40   1.6959367990493774 0 0 0.023389901965856552
   50   1.6726559400558472 0 0 0.023320157080888748
   60   1.7029300928115845 0 0 0.02356523647904396
   70   1.6300681829452515 0 0 0.02354036271572113
   80   1.6411303281784058 0 0 0.024040719494223595
   90   1.6623424291610718 0 0 0.02393418364226818
   100   1.6263986825942993 0 0 0.023654280230402946
   110   1.5760717391967773 0 0 0.023566272109746933
   120   1.640986442565918 0 0 0.023409074172377586
   130   1.5993760824203491 0 0 0.023750899359583855
l_NEW: 0.0, l_JD : 0.04, l_FMD: 0.0, l_MSE: 1.0,step: 15, d_penalty: 0.0, L: 2, z_dim: 1-4, bs: 64
| EPOCH |      PLF-JD     |      PLF-FMD    |      PLF-NEW    |      MSE        |
   1   1.563132405281067 0 0 0.02331932634115219
   10   1.566867709159851 0 0 0.0237408559769392
   20   1.5855687856674194 0 0 0.023343516513705254
   30   1.5508593320846558 0 0 0.023206202313303947
   40   1.629425048828125 0 0 0.02365974523127079
   50   1.5895700454711914 0 0 0.02345135807991028
   60   1.566256046295166 0 0 0.02361750230193138
Total Training Time: 3.5469915025764043 hours 
