l_NEW: 0.0, l_JD : 0.2, l_FMD: 0.0, l_MSE: 1.0, d_penalty: 0.0,step:20, L: 2, z_dim: 1, bs: 64, bit_rate: 2, s_b: False, dataset:mmnist_4_axis_random_sample_step
| EPOCH |      PLF-JD     |      PLF-FMD    |      PLF-NEW    |      MSE        |
   1   4.40785551071167 0 0 0.03318462520837784
   10   3.903547525405884 0 0 0.0342203751206398
   20   3.3262887001037598 0 0 0.034814655780792236
   30   3.232470750808716 0 0 0.03591024875640869
   40   2.9107353687286377 0 0 0.036359839141368866
   50   2.920785903930664 0 0 0.036777064204216
   60   2.785187244415283 0 0 0.038063082844018936
   70   2.587595224380493 0 0 0.038034651428461075
   80   2.489086866378784 0 0 0.03788824751973152
   90   2.309610366821289 0 0 0.037457168102264404
   100   2.3962624073028564 0 0 0.037607546895742416
   110   2.3892011642456055 0 0 0.03808888420462608
   120   2.4127635955810547 0 0 0.03717348724603653
   130   2.306755542755127 0 0 0.037720050662755966
   140   2.4601292610168457 0 0 0.03826490417122841
   150   2.4493563175201416 0 0 0.03692132607102394
   160   2.305797576904297 0 0 0.038794174790382385
   170   2.2945351600646973 0 0 0.03792958706617355
   180   2.270798921585083 0 0 0.037689995020627975
   190   2.222700357437134 0 0 0.03766630217432976
   200   2.137059450149536 0 0 0.03717916086316109
   210   2.1374950408935547 0 0 0.03827451169490814
   220   2.165802478790283 0 0 0.03786495700478554
   230   2.051640272140503 0 0 0.03829069063067436
   240   2.0820229053497314 0 0 0.037774406373500824
   250   2.113006830215454 0 0 0.03746957704424858
   260   2.087299346923828 0 0 0.038174159824848175
   270   2.1143057346343994 0 0 0.03791779279708862
   280   2.0116519927978516 0 0 0.0377788171172142
   290   1.9983799457550049 0 0 0.03921704366803169
   300   2.03029465675354 0 0 0.038685865700244904
   310   1.9583220481872559 0 0 0.03834318742156029
   320   1.982676386833191 0 0 0.03840411826968193
   330   1.9349051713943481 0 0 0.03844093531370163
   340   1.9931937456130981 0 0 0.03897567093372345
   350   1.983261227607727 0 0 0.03828369081020355
   360   1.9628912210464478 0 0 0.038888588547706604
   370   1.7737194299697876 0 0 0.03870642930269241
   380   1.7872482538223267 0 0 0.03842252492904663
   390   1.7706184387207031 0 0 0.03885156661272049
   400   1.7332342863082886 0 0 0.038439877331256866
   410   1.7017998695373535 0 0 0.03845575824379921
   420   1.6831836700439453 0 0 0.038975268602371216
   430   1.6094058752059937 0 0 0.039241086691617966
   440   1.6018098592758179 0 0 0.039420053362846375
   450   1.595956802368164 0 0 0.03886235132813454
   460   1.6454085111618042 0 0 0.039427611976861954
   470   1.581683874130249 0 0 0.03896736726164818
   480   1.6060965061187744 0 0 0.03935026377439499
   490   1.514731526374817 0 0 0.03879961743950844
l_NEW: 0.0, l_JD : 0.2, l_FMD: 0.0, l_MSE: 1.0, d_penalty: 0.0,step:20, L: 2, z_dim: 1, bs: 64, bit_rate: 2, s_b: False, dataset:mmnist_4_axis_random_sample_step
| EPOCH |      PLF-JD     |      PLF-FMD    |      PLF-NEW    |      MSE        |
   1   2.855381488800049 0 0 0.03792326897382736
   10   2.287877082824707 0 0 0.037961073219776154
   20   2.0964746475219727 0 0 0.03996748477220535
   30   1.9791200160980225 0 0 0.04058191552758217
   40   1.7511929273605347 0 0 0.039681725203990936
   50   1.6095887422561646 0 0 0.039702460169792175
   60   1.5827926397323608 0 0 0.03968355059623718
   70   1.4741921424865723 0 0 0.039718590676784515
   80   1.3652108907699585 0 0 0.039633605629205704
   90   1.3071569204330444 0 0 0.039258260279893875
   100   1.3128926753997803 0 0 0.03992760553956032
   110   1.1659272909164429 0 0 0.04053039476275444
   120   1.1206010580062866 0 0 0.03979349881410599
   130   1.061737298965454 0 0 0.03992070257663727
   140   1.0693309307098389 0 0 0.03968140855431557
   150   0.9808133244514465 0 0 0.04026591777801514
   160   0.9582059383392334 0 0 0.03990849107503891
   170   0.974332869052887 0 0 0.04014556109905243
   180   0.9986642599105835 0 0 0.04008357599377632
   190   0.9015899896621704 0 0 0.040134940296411514
   200   0.9039994478225708 0 0 0.04025521129369736
   210   0.9246500730514526 0 0 0.04004030302166939
   220   0.9196046590805054 0 0 0.03967392072081566
   230   0.9564365148544312 0 0 0.0396026074886322
   240   0.8328860402107239 0 0 0.040731269866228104
   250   0.6918001174926758 0 0 0.04044780135154724
   260   0.8319252133369446 0 0 0.039907678961753845
   270   0.7866358757019043 0 0 0.03971780836582184
   280   0.7388749122619629 0 0 0.04034550115466118
   290   0.7452653050422668 0 0 0.040119122713804245
   300   0.7566655278205872 0 0 0.0405738390982151
Total Training Time: 7.199715063969294 hours 
