l_NEW: 0.0, l_JD : 0.0, l_FMD: 0.003, l_MSE: 1.0, d_penalty: 0.0, L: 2, z_dim: 8, bs: 64
| EPOCH |      PLF-JD     |      PLF-FMD    |      PLF-NEW    |      MSE        |
   1   0 2.006162643432617 0 0.010160242207348347
   10   0 1.5258406400680542 0 0.010762371122837067
   20   0 1.4561564922332764 0 0.01094810850918293
   30   0 1.4583795070648193 0 0.010902561247348785
   40   0 1.435253620147705 0 0.01097206212580204
   50   0 1.3905616998672485 0 0.011020604521036148
   60   0 1.3815959692001343 0 0.011081608943641186
   70   0 1.4135648012161255 0 0.011016512289643288
   80   0 1.3135035037994385 0 0.011131776496767998
   90   0 1.3594715595245361 0 0.011140141636133194
   100   0 1.3420041799545288 0 0.011104547418653965
   110   0 1.3445135354995728 0 0.011048154905438423
   120   0 1.3000520467758179 0 0.01112764049321413
   130   0 1.3069480657577515 0 0.011053997091948986
   140   0 1.321682095527649 0 0.011006329208612442
   150   0 1.2497879266738892 0 0.01108055841177702
   160   0 1.2386130094528198 0 0.01110865082591772
   170   0 1.2400213479995728 0 0.011133820749819279
   180   0 1.2460013628005981 0 0.01108064316213131
   190   0 1.206444501876831 0 0.011046807281672955
   200   0 1.2062067985534668 0 0.011113740503787994
   210   0 1.214412808418274 0 0.011040457524359226
   220   0 1.216198205947876 0 0.01109918300062418
   230   0 1.1741373538970947 0 0.011085951700806618
   240   0 1.2682348489761353 0 0.01102328673005104
   250   0 1.1781340837478638 0 0.011165367439389229
Total Training Time: 11.722463588317236 hours 
l_NEW: 0.0, l_JD : 0.0, l_FMD: 0.003, l_MSE: 1.0, d_penalty: 0.0, L: 2, z_dim: 8, bs: 64
| EPOCH |      PLF-JD     |      PLF-FMD    |      PLF-NEW    |      MSE        |
   1   0 1.2333667278289795 0 0.011046738363802433
