l_NEW: 0.0, l_JD : 0.001, l_FMD: 0.0, l_MSE: 1.0, d_penalty: 0.0, L: 2, z_dim: 4, bs: 64
| EPOCH |      PLF-JD     |      PLF-FMD    |      PLF-NEW    |      MSE        |
   1   5.298996448516846 0 0 0.011569758877158165
   10   5.12064266204834 0 0 0.01174152735620737
   20   5.180902004241943 0 0 0.011838594451546669
   30   5.035182952880859 0 0 0.011831424199044704
   40   5.112746238708496 0 0 0.011793479323387146
   50   5.109037399291992 0 0 0.011853775009512901
   60   5.163144111633301 0 0 0.011817248538136482
   70   5.140470027923584 0 0 0.011914464645087719
   80   5.15555477142334 0 0 0.011733408086001873
   90   5.121342658996582 0 0 0.011904495768249035
   100   5.025016784667969 0 0 0.011844777502119541
   110   5.062358856201172 0 0 0.011750356294214725
   120   5.23228645324707 0 0 0.011851130984723568
   130   5.1505584716796875 0 0 0.011823310516774654
   140   5.189675331115723 0 0 0.011869629845023155
   150   5.204743385314941 0 0 0.011825286783277988
Total Training Time: 7.484515484571457 hours 
l_NEW: 0.0, l_JD : 0.001, l_FMD: 0.0, l_MSE: 1.0, d_penalty: 0.0, L: 2, z_dim: 4, bs: 64
| EPOCH |      PLF-JD     |      PLF-FMD    |      PLF-NEW    |      MSE        |
   1   5.247037410736084 0 0 0.011793792247772217
