l_NEW: 0.0, l_JD : 0.0, l_FMD: 0.0, l_MSE: 1.0,step: 15, d_penalty: 0.0, L: 2, z_dim: 1-4, bs: 64
| EPOCH |      PLF-JD     |      PLF-FMD    |      PLF-NEW    |      MSE        |
l_NEW: 0.0, l_JD : 0.0, l_FMD: 0.0, l_MSE: 1.0,step: 15, d_penalty: 0.0, L: 2, z_dim: 1-4, bs: 64
| EPOCH |      PLF-JD     |      PLF-FMD    |      PLF-NEW    |      MSE        |
   1   9.02743148803711 9.242297172546387 9.41703987121582 0.017736628651618958
   1   9.019326210021973 8.9813232421875 9.244025230407715 0.01755199208855629
l_NEW: 0.0, l_JD : 0.0, l_FMD: 0.0, l_MSE: 1.0,step: 15, d_penalty: 0.0, L: 2, z_dim: 1-4, bs: 64
| EPOCH |      PLF-JD     |      PLF-FMD    |      PLF-NEW    |      MSE        |
   1   9.756590843200684 10.005887985229492 10.074386596679688 0.01952008344233036
   10   8.730316162109375 8.422786712646484 8.531543731689453 0.014088483527302742
   10   8.662890434265137 8.481772422790527 8.712737083435059 0.014368914067745209
   10   8.09569263458252 8.102760314941406 8.383451461791992 0.014532565139234066
   20   7.624891757965088 7.769699573516846 7.631004333496094 0.01293136179447174
   20   8.089920997619629 7.545444011688232 8.105690956115723 0.013184557668864727
   20   7.742989540100098 7.717409610748291 7.712191104888916 0.013182546012103558
   30   6.913396835327148 6.97385311126709 6.937695026397705 0.012293302454054356
   30   7.356078624725342 7.498342514038086 7.525462627410889 0.012399337254464626
   30   7.448580741882324 7.589060306549072 7.6557183265686035 0.012443965300917625
   40   6.855046272277832 6.7078375816345215 6.4220805168151855 0.011651258915662766
   40   7.269484043121338 7.204874515533447 7.006704807281494 0.01191235613077879
   40   7.054713249206543 6.959105968475342 7.152303695678711 0.011891869828104973
   50   6.405185699462891 6.392559051513672 6.478569507598877 0.011192998848855495
   50   6.607853412628174 6.306610584259033 6.501884460449219 0.011440493166446686
   50   6.402036666870117 6.498622417449951 6.257721900939941 0.011375784873962402
   60   5.988980770111084 6.1898193359375 6.0673370361328125 0.01082469429820776
   60   6.3081865310668945 6.0393757820129395 6.3319807052612305 0.011080356314778328
   60   6.193544864654541 6.232872009277344 6.269232273101807 0.011085675098001957
   70   5.792490005493164 5.795812606811523 5.852664470672607 0.010611800476908684
   70   5.836429595947266 5.864356994628906 5.955594062805176 0.01077392790466547
   70   5.990222930908203 5.83237361907959 5.94693660736084 0.010704544372856617
   80   5.805909633636475 5.6586689949035645 5.516976833343506 0.010301811620593071
   80   5.602740287780762 5.890382289886475 5.822291374206543 0.010467308573424816
   80   5.732215404510498 5.971426963806152 5.837193489074707 0.010511139407753944
