l_NEW: 0.0, l_JD : 0.03, l_FMD: 0.0, l_MSE: 1.0, d_penalty: 0.0,step:15, L: 2, z_dim: 1, bs: 64, bit_rate: 2, s_b: False
| EPOCH |      PLF-JD     |      PLF-FMD    |      PLF-NEW    |      MSE        |
   1   4.232422351837158 0 0 0.02511165663599968
   10   3.5370233058929443 0 0 0.026940589770674706
   20   3.1914522647857666 0 0 0.02786875329911709
   30   2.9938430786132812 0 0 0.027959099039435387
   40   2.779024124145508 0 0 0.02792251855134964
   50   2.382277727127075 0 0 0.027797792106866837
   60   2.2973287105560303 0 0 0.02857048436999321
   70   2.2373781204223633 0 0 0.028829364106059074
   80   2.2782142162323 0 0 0.0287608802318573
   90   2.283289909362793 0 0 0.02861040271818638
   100   2.262298583984375 0 0 0.028872769325971603
   110   2.314847230911255 0 0 0.029105352237820625
   120   2.353259325027466 0 0 0.028260240331292152
   130   2.325469970703125 0 0 0.028636319562792778
   140   2.410996913909912 0 0 0.028663761913776398
   150   2.2980496883392334 0 0 0.02843240275979042
Total Training Time: 6.642875105076366 hours 
l_NEW: 0.0, l_JD : 0.03, l_FMD: 0.0, l_MSE: 1.0, d_penalty: 0.0,step:15, L: 2, z_dim: 1, bs: 64, bit_rate: 2, s_b: False
| EPOCH |      PLF-JD     |      PLF-FMD    |      PLF-NEW    |      MSE        |
   1   2.3919119834899902 0 0 0.028207356110215187
   10   2.339425563812256 0 0 0.029068725183606148
   20   2.2786459922790527 0 0 0.02820403315126896
   30   2.311802387237549 0 0 0.02878963015973568
   40   2.303133010864258 0 0 0.028792256489396095
   50   2.235999584197998 0 0 0.02862849459052086
   60   2.1867589950561523 0 0 0.02931789867579937
   70   2.083857774734497 0 0 0.02903914265334606
   80   2.069857597351074 0 0 0.02941247634589672
   90   2.0463626384735107 0 0 0.029287224635481834
   100   2.012981414794922 0 0 0.028823181986808777
   110   1.9363237619400024 0 0 0.029809314757585526
   120   1.984529972076416 0 0 0.028872832655906677
   130   1.8973232507705688 0 0 0.028862090781331062
   140   1.835167646408081 0 0 0.031114503741264343
   150   1.8710253238677979 0 0 0.030577657744288445
Total Training Time: 6.452202254335085 hours 
l_NEW: 0.0, l_JD : 0.03, l_FMD: 0.0, l_MSE: 1.0, d_penalty: 0.0,step:15, L: 2, z_dim: 1, bs: 64, bit_rate: 2, s_b: False
| EPOCH |      PLF-JD     |      PLF-FMD    |      PLF-NEW    |      MSE        |
   1   1.8398716449737549 0 0 0.03015710785984993
   10   1.7768902778625488 0 0 0.0319901667535305
   20   1.6958296298980713 0 0 0.031537704169750214
   30   1.6792306900024414 0 0 0.030908191576600075
   40   1.7146750688552856 0 0 0.03197947144508362
   50   1.611222267150879 0 0 0.03135131299495697
   60   1.6127419471740723 0 0 0.030601603910326958
   70   1.5810102224349976 0 0 0.03013227880001068
   80   1.4547839164733887 0 0 0.030874816700816154
   90   1.5090678930282593 0 0 0.030642058700323105
   100   1.4454807043075562 0 0 0.030441099777817726
   110   1.4643263816833496 0 0 0.030660584568977356
   120   1.3787648677825928 0 0 0.03039637953042984
   130   1.3460487127304077 0 0 0.030326321721076965
   140   1.3419286012649536 0 0 0.030225353315472603
   150   1.3195383548736572 0 0 0.029816560447216034
Total Training Time: 6.710527126524184 hours 
