l_NEW: 0.0, l_JD : 0.0, l_FMD: 0.005, l_MSE: 1.0, d_penalty: 0.0, L: 2, z_dim: 8, bs: 64
| EPOCH |      PLF-JD     |      PLF-FMD    |      PLF-NEW    |      MSE        |
   1   0 1.6358668804168701 0 0.011058544740080833
   10   0 1.3100935220718384 0 0.011500065214931965
   20   0 1.266041874885559 0 0.011595414951443672
   30   0 1.2063062191009521 0 0.011770250275731087
   40   0 1.2147608995437622 0 0.011684602126479149
   50   0 1.1711704730987549 0 0.011881113983690739
   60   0 1.1675875186920166 0 0.011824282817542553
   70   0 1.1455460786819458 0 0.011896480806171894
   80   0 1.1422287225723267 0 0.011798442341387272
   90   0 1.1276017427444458 0 0.011897481046617031
   100   0 1.1224801540374756 0 0.011741707101464272
   110   0 1.109679102897644 0 0.011762029491364956
   120   0 1.0507205724716187 0 0.011813146062195301
   130   0 1.0774418115615845 0 0.011758490465581417
   140   0 1.0126910209655762 0 0.011816390790045261
   150   0 1.0566706657409668 0 0.011743942275643349
   160   0 1.0355247259140015 0 0.011767417192459106
   170   0 1.0729726552963257 0 0.011741112917661667
   180   0 1.0222721099853516 0 0.011799899861216545
   190   0 1.0212665796279907 0 0.011781648732721806
   200   0 1.0037897825241089 0 0.011772620491683483
   210   0 0.9372473955154419 0 0.011958863586187363
   220   0 1.0633350610733032 0 0.011667724698781967
   230   0 0.9701412320137024 0 0.01176034938544035
   240   0 0.9551918506622314 0 0.011752154678106308
   250   0 0.9435191750526428 0 0.011750650592148304
Total Training Time: 11.906972110999956 hours 
l_NEW: 0.0, l_JD : 0.0, l_FMD: 0.005, l_MSE: 1.0, d_penalty: 0.0, L: 2, z_dim: 8, bs: 64
| EPOCH |      PLF-JD     |      PLF-FMD    |      PLF-NEW    |      MSE        |
   1   0 1.0008171796798706 0 0.01183091476559639
