l_NEW: 0.07, l_JD : 0.0, l_FMD: 0.0, l_MSE: 1.0,step: 15, d_penalty: 0.0, L: 2, z_dim: 1-4, bs: 64
| EPOCH |      PLF-JD     |      PLF-FMD    |      PLF-NEW    |      MSE        |
l_NEW: 0.07, l_JD : 0.0, l_FMD: 0.0, l_MSE: 1.0,step: 15, d_penalty: 0.0, L: 2, z_dim: 1-4, bs: 64
| EPOCH |      PLF-JD     |      PLF-FMD    |      PLF-NEW    |      MSE        |
   1   0 0 2.892446517944336 0.020612334832549095
   10   0 0 1.7802057266235352 0.021913055330514908
   20   0 0 1.625766634941101 0.02234310284256935
   30   0 0 1.7607370615005493 0.021877164021134377
   40   0 0 1.7321730852127075 0.021225502714514732
   50   0 0 1.7244367599487305 0.02101999893784523
   60   0 0 1.739659309387207 0.0210107509046793
   70   0 0 1.6981887817382812 0.021445022895932198
   80   0 0 1.6302837133407593 0.021270660683512688
   90   0 0 1.616676926612854 0.021201424300670624
   100   0 0 1.5970474481582642 0.021146221086382866
   110   0 0 1.5400919914245605 0.02098872698843479
   120   0 0 1.516675353050232 0.020900199189782143
   130   0 0 1.5282179117202759 0.020796459168195724
   140   0 0 1.4791747331619263 0.020862482488155365
   150   0 0 1.4545365571975708 0.02118603140115738
   160   0 0 1.3958990573883057 0.02102433145046234
   170   0 0 1.4250788688659668 0.020835813134908676
   180   0 0 1.4048422574996948 0.020802391692996025
   190   0 0 1.3528931140899658 0.020568065345287323
   200   0 0 1.326015830039978 0.02070295251905918
   210   0 0 1.335331916809082 0.020617151632905006
   220   0 0 1.310746669769287 0.020704137161374092
   230   0 0 1.3207693099975586 0.020590580999851227
   240   0 0 1.2692954540252686 0.02076212875545025
   250   0 0 1.2423216104507446 0.02067156322300434
   260   0 0 1.264054298400879 0.020664777606725693
   270   0 0 1.2374427318572998 0.020439133048057556
   280   0 0 1.1863783597946167 0.020686021074652672
l_NEW: 0.07, l_JD : 0.0, l_FMD: 0.0, l_MSE: 1.0,step: 15, d_penalty: 0.0, L: 2, z_dim: 1-4, bs: 64
| EPOCH |      PLF-JD     |      PLF-FMD    |      PLF-NEW    |      MSE        |
   1   0 0 1.2079322338104248 0.020924242213368416
   10   0 0 1.1697371006011963 0.020680196583271027
   20   0 0 1.1639784574508667 0.020617512986063957
   30   0 0 1.1707358360290527 0.020760824903845787
   40   0 0 1.150694489479065 0.020704615861177444
   50   0 0 1.1782658100128174 0.02034606598317623
   60   0 0 1.1319721937179565 0.021142179146409035
   70   0 0 1.0767560005187988 0.020738057792186737
   80   0 0 1.0952993631362915 0.020815201103687286
   90   0 0 1.1126599311828613 0.020621193572878838
   100   0 0 1.0760493278503418 0.020739952102303505
   110   0 0 1.0348243713378906 0.020872371271252632
   120   0 0 1.0590263605117798 0.020580416545271873
   130   0 0 1.0292953252792358 0.02061344124376774
   140   0 0 1.009540319442749 0.02054191194474697
   150   0 0 1.0083905458450317 0.020747138187289238
   160   0 0 0.9648082852363586 0.020580461248755455
   170   0 0 0.973880410194397 0.0208412054926157
   180   0 0 0.9884679317474365 0.020584508776664734
Total Training Time: 10.392584584289127 hours 
