l_NEW: 0.0, l_JD : 0.008, l_FMD: 0.0, l_MSE: 1.0, d_penalty: 0.0, L: 2, z_dim: 6, bs: 64
| EPOCH |      PLF-JD     |      PLF-FMD    |      PLF-NEW    |      MSE        |
   1   3.1339755058288574 0 0 0.0152517044916749
   10   2.2839367389678955 0 0 0.018470484763383865
   20   2.073949098587036 0 0 0.019252292811870575
   30   2.024531126022339 0 0 0.01941344514489174
   40   1.9197438955307007 0 0 0.01975230872631073
   50   1.860517978668213 0 0 0.019942576065659523
   60   1.7097396850585938 0 0 0.020074976608157158
   70   1.7264702320098877 0 0 0.020335018634796143
   80   1.6883774995803833 0 0 0.02017342671751976
   90   1.6323609352111816 0 0 0.02031782642006874
   100   1.6024318933486938 0 0 0.020251594483852386
   110   1.6287128925323486 0 0 0.020241353660821915
   120   1.5981571674346924 0 0 0.020330075174570084
   130   1.568100094795227 0 0 0.02007896639406681
   140   1.553901195526123 0 0 0.020246410742402077
   150   1.5394494533538818 0 0 0.020067844539880753
Total Training Time: 7.443901210096147 hours 
l_NEW: 0.0, l_JD : 0.008, l_FMD: 0.0, l_MSE: 1.0, d_penalty: 0.0, L: 2, z_dim: 6, bs: 64
| EPOCH |      PLF-JD     |      PLF-FMD    |      PLF-NEW    |      MSE        |
   1   1.5791325569152832 0 0 0.020145412534475327
   10   1.4266438484191895 0 0 0.020635103806853294
   20   1.49319326877594 0 0 0.020231522619724274
   30   1.5273078680038452 0 0 0.0200827494263649
   40   1.476441502571106 0 0 0.020358989015221596
   50   1.4816603660583496 0 0 0.020534539595246315
   60   1.5235235691070557 0 0 0.02003764547407627
   70   1.4118214845657349 0 0 0.020341455936431885
   80   1.4098135232925415 0 0 0.020523859187960625
   90   1.4354244470596313 0 0 0.020227104425430298
   100   1.455194354057312 0 0 0.020291121676564217
   110   1.460670828819275 0 0 0.0199213158339262
   120   1.4336601495742798 0 0 0.020157286897301674
   130   1.4521633386611938 0 0 0.020206714048981667
   140   1.455984115600586 0 0 0.020282438024878502
   150   1.4024808406829834 0 0 0.020280878990888596
Total Training Time: 7.244307901726828 hours 
