l_NEW: 0.0, l_JD : 0.04, l_FMD: 0.0, l_MSE: 1.0, d_penalty: 0.0, L: 2, z_dim: 4, bs: 64
| EPOCH |      PLF-JD     |      PLF-FMD    |      PLF-NEW    |      MSE        |
   1   2.7343130111694336 0 0 0.020779438316822052
   10   1.7521849870681763 0 0 0.023677438497543335
   20   1.7009629011154175 0 0 0.023915152996778488
   30   1.5362811088562012 0 0 0.02412552200257778
   40   1.4721505641937256 0 0 0.024296479299664497
   50   1.4386553764343262 0 0 0.024004440754652023
   60   1.4459737539291382 0 0 0.0238709207624197
   70   1.380207896232605 0 0 0.023886917158961296
   80   1.3742330074310303 0 0 0.023903800174593925
   90   1.3457938432693481 0 0 0.024358024820685387
   100   1.2922444343566895 0 0 0.02398882433772087
   110   1.3358865976333618 0 0 0.0238309558480978
   120   1.2938659191131592 0 0 0.023765474557876587
   130   1.2479373216629028 0 0 0.023708883672952652
   140   1.289881944656372 0 0 0.02344825118780136
   150   1.2762744426727295 0 0 0.023423166945576668
Total Training Time: 7.477287534607782 hours 
l_NEW: 0.0, l_JD : 0.04, l_FMD: 0.0, l_MSE: 1.0, d_penalty: 0.0, L: 2, z_dim: 4, bs: 64
| EPOCH |      PLF-JD     |      PLF-FMD    |      PLF-NEW    |      MSE        |
   1   1.2613346576690674 0 0 0.023375991731882095
   10   1.2489055395126343 0 0 0.02344401367008686
   20   1.2579877376556396 0 0 0.023375457152724266
   30   1.2286306619644165 0 0 0.023455169051885605
   40   1.217549443244934 0 0 0.023190831765532494
   50   1.1767804622650146 0 0 0.023469138890504837
   60   1.1938354969024658 0 0 0.023341204971075058
   70   1.2403644323349 0 0 0.023421423509716988
   80   1.2346500158309937 0 0 0.02331632561981678
   90   1.2313851118087769 0 0 0.023244475945830345
   100   1.2386583089828491 0 0 0.02324114367365837
   110   1.1883983612060547 0 0 0.023427266627550125
   120   1.2214778661727905 0 0 0.023322375491261482
   130   1.209697961807251 0 0 0.023396342992782593
   140   1.2305686473846436 0 0 0.023303063586354256
   150   1.1977763175964355 0 0 0.023123783990740776
Total Training Time: 7.482089313798481 hours 
