l_NEW: 0.025, l_JD : 0.0, l_FMD: 0.0, l_MSE: 1.0, d_penalty: 0.0, L: 2, z_dim: 2, bs: 64
| EPOCH |      PLF-JD     |      PLF-FMD    |      PLF-NEW    |      MSE        |
   1   0 0 3.2021398544311523 0.020067956298589706
   10   0 0 1.713135838508606 0.02299528941512108
   20   0 0 1.502807378768921 0.023543216288089752
   30   0 0 1.5236436128616333 0.02364426665008068
   40   0 0 1.5010669231414795 0.024042682722210884
   50   0 0 1.4037184715270996 0.024062341079115868
   60   0 0 1.4670541286468506 0.023809894919395447
   70   0 0 1.425605297088623 0.02380506508052349
   80   0 0 1.3793563842773438 0.024121606722474098
   90   0 0 1.3445277214050293 0.024212568998336792
   100   0 0 1.2875679731369019 0.02391842193901539
   110   0 0 1.2881423234939575 0.024375760927796364
   120   0 0 1.241951823234558 0.02420930378139019
   130   0 0 1.243900179862976 0.02385263890028
   140   0 0 1.207590103149414 0.024339215829968452
   150   0 0 1.162502408027649 0.024650948122143745
   160   0 0 1.2089821100234985 0.024522606283426285
   170   0 0 1.185785174369812 0.02454996667802334
   180   0 0 1.1265597343444824 0.02443172037601471
   190   0 0 1.1263020038604736 0.024643851444125175
   200   0 0 1.0611522197723389 0.025035712867975235
   210   0 0 1.071087121963501 0.024481523782014847
   220   0 0 1.0406686067581177 0.02516942098736763
   230   0 0 1.0208628177642822 0.02450866438448429
   240   0 0 1.0276079177856445 0.024633437395095825
   250   0 0 0.9871702790260315 0.024872587993741035
   260   0 0 0.9719215631484985 0.0249224491417408
   270   0 0 1.0043487548828125 0.024320712313055992
   280   0 0 0.9621897339820862 0.024751443415880203
   290   0 0 0.9289454221725464 0.024959491565823555
   300   0 0 0.9510074853897095 0.02423628605902195
Total Training Time: 14.905786344541443 hours 
