l_NEW: 0.0, l_JD : 0.005, l_FMD: 0.0, l_MSE: 1.0, d_penalty: 0.0, L: 2, z_dim: 1, bs: 64
| EPOCH |      PLF-JD     |      PLF-FMD    |      PLF-NEW    |      MSE        |
   1   3.0212063789367676 0 0 0.020351015031337738
   10   2.1827850341796875 0 0 0.02204967848956585
   20   2.0763933658599854 0 0 0.02237612195312977
   30   2.214542865753174 0 0 0.022294210270047188
   40   2.1475636959075928 0 0 0.022452937439084053
   50   2.1050002574920654 0 0 0.02260642684996128
   60   2.0952072143554688 0 0 0.022650854662060738
   70   2.0067789554595947 0 0 0.02277049981057644
   80   1.974656581878662 0 0 0.022693201899528503
   90   1.935031771659851 0 0 0.023023929446935654
   100   1.9297566413879395 0 0 0.022972939535975456
   110   1.8502519130706787 0 0 0.023013876751065254
   120   1.9364205598831177 0 0 0.02291642501950264
   130   1.7607979774475098 0 0 0.02318521775305271
   140   1.8320523500442505 0 0 0.023383475840091705
   150   1.830731749534607 0 0 0.022966718301177025
Total Training Time: 7.621895094447666 hours 
l_NEW: 0.0, l_JD : 0.005, l_FMD: 0.0, l_MSE: 1.0, d_penalty: 0.0, L: 2, z_dim: 1, bs: 64
| EPOCH |      PLF-JD     |      PLF-FMD    |      PLF-NEW    |      MSE        |
   1   1.7965396642684937 0 0 0.023112013936042786
   10   1.705178141593933 0 0 0.023213522508740425
   20   1.673880934715271 0 0 0.02348393388092518
   30   1.7339597940444946 0 0 0.02338053658604622
   40   1.7460641860961914 0 0 0.02320200391113758
   50   1.7304667234420776 0 0 0.0232070442289114
   60   1.6579070091247559 0 0 0.02342621237039566
   70   1.664729356765747 0 0 0.02345941960811615
   80   1.648015022277832 0 0 0.023438245058059692
   90   1.6566990613937378 0 0 0.023440677672624588
   100   1.6489689350128174 0 0 0.023354623466730118
   110   1.6355711221694946 0 0 0.02346968650817871
   120   1.587242603302002 0 0 0.023477375507354736
   130   1.5719996690750122 0 0 0.0234474316239357
   140   1.6168133020401 0 0 0.023454437032341957
   150   1.5820350646972656 0 0 0.02342049963772297
Total Training Time: 7.364774012234476 hours 
