l_NEW: 0.0, l_JD : 0.0, l_FMD: 0.02, l_MSE: 1.0, d_penalty: 0.0, L: 2, z_dim: 1, bs: 64, bit_rate: 2, s_b: False
| EPOCH |      PLF-JD     |      PLF-FMD    |      PLF-NEW    |      MSE        |
   1   0 1.472822666168213 0 0.016541937366127968
   10   0 0.9104730486869812 0 0.01634652353823185
   20   0 0.8521259427070618 0 0.0163296926766634
   30   0 0.8221791386604309 0 0.016191698610782623
   40   0 0.7686131000518799 0 0.01618015766143799
   50   0 0.7674859762191772 0 0.015765845775604248
   60   0 0.7751191258430481 0 0.01583176851272583
   70   0 0.7703723311424255 0 0.015857934951782227
   80   0 0.7452237606048584 0 0.015855353325605392
   90   0 0.7462724447250366 0 0.01568399742245674
   100   0 0.7218008637428284 0 0.015694446861743927
   110   0 0.7135821580886841 0 0.015613425523042679
   120   0 0.7316835522651672 0 0.015455673448741436
   130   0 0.6552058458328247 0 0.015568450093269348
   140   0 0.6790627241134644 0 0.015678521245718002
   150   0 0.6582492589950562 0 0.01578196883201599
   160   0 0.6641703248023987 0 0.015505063347518444
   170   0 0.6590768694877625 0 0.01589914970099926
   180   0 0.6302781701087952 0 0.015609581023454666
   190   0 0.6330361366271973 0 0.015498189255595207
   200   0 0.5941533446311951 0 0.01557146292179823
   210   0 0.5939527153968811 0 0.015514695085585117
   220   0 0.5805367231369019 0 0.01569116674363613
   230   0 0.6096429824829102 0 0.015811996534466743
   240   0 0.5733011960983276 0 0.015757661312818527
   250   0 0.567971408367157 0 0.0156836099922657
   260   0 0.5697426795959473 0 0.015636151656508446
   270   0 0.5494788885116577 0 0.015654051676392555
   280   0 0.5584834814071655 0 0.015294318087399006
   290   0 0.560127317905426 0 0.015338151715695858
   300   0 0.540025532245636 0 0.015415791422128677
Total Training Time: 12.820132159524494 hours 
