l_NEW: 0.0, l_JD : 0.008, l_FMD: 0.0, l_MSE: 1.0, d_penalty: 0.0, L: 2, z_dim: 8, bs: 64
| EPOCH |      PLF-JD     |      PLF-FMD    |      PLF-NEW    |      MSE        |
l_NEW: 0.0, l_JD : 0.008, l_FMD: 0.0, l_MSE: 1.0, d_penalty: 0.0, L: 2, z_dim: 8, bs: 64
| EPOCH |      PLF-JD     |      PLF-FMD    |      PLF-NEW    |      MSE        |
   1   3.432685613632202 0 0 0.014020193368196487
   10   2.2040302753448486 0 0 0.018198994919657707
   20   2.107236623764038 0 0 0.018765442073345184
   30   2.0226824283599854 0 0 0.019113678485155106
   40   1.9012737274169922 0 0 0.019518014043569565
   50   1.8850253820419312 0 0 0.019544286653399467
   60   1.7999967336654663 0 0 0.01979675702750683
   70   1.7161831855773926 0 0 0.019887572154402733
   80   1.7223894596099854 0 0 0.019961975514888763
   90   1.698298454284668 0 0 0.019904522225260735
   100   1.6789629459381104 0 0 0.019762534648180008
   110   1.5543338060379028 0 0 0.019991761073470116
   120   1.5830901861190796 0 0 0.02003190480172634
   130   1.5269564390182495 0 0 0.020064981654286385
   140   1.581813931465149 0 0 0.019807348027825356
   150   1.5122992992401123 0 0 0.02006653882563114
   160   1.4916456937789917 0 0 0.019729387015104294
   170   1.5098576545715332 0 0 0.019770456477999687
   180   1.4982879161834717 0 0 0.019773123785853386
   190   1.5095009803771973 0 0 0.01977476291358471
   200   1.5173534154891968 0 0 0.01959139294922352
   210   1.507439136505127 0 0 0.019703516736626625
   220   1.4348289966583252 0 0 0.019796596840023994
   230   1.4813936948776245 0 0 0.019825560972094536
   240   1.4453067779541016 0 0 0.01971946284174919
   250   1.448663592338562 0 0 0.019641289487481117
Total Training Time: 11.95011831012037 hours 
l_NEW: 0.0, l_JD : 0.008, l_FMD: 0.0, l_MSE: 1.0, d_penalty: 0.0, L: 2, z_dim: 8, bs: 64
| EPOCH |      PLF-JD     |      PLF-FMD    |      PLF-NEW    |      MSE        |
   1   1.4795387983322144 0 0 0.01973874866962433
   10   1.448472261428833 0 0 0.019686857238411903
   20   1.486660361289978 0 0 0.01957372948527336
   30   1.409234642982483 0 0 0.019857492297887802
   40   1.461316704750061 0 0 0.019598742946982384
   50   1.438438892364502 0 0 0.019629016518592834
Total Training Time: 2.510093927582105 hours 
