l_NEW: 0.0, l_JD : 0.04, l_FMD: 0.0, l_MSE: 1.0, d_penalty: 0.0,step:15, L: 2, z_dim: 1, bs: 64, bit_rate: 2, s_b: False
| EPOCH |      PLF-JD     |      PLF-FMD    |      PLF-NEW    |      MSE        |
   1   4.0421342849731445 0 0 0.02646610327064991
   10   3.6327106952667236 0 0 0.027042757719755173
   20   3.118347406387329 0 0 0.0280973631888628
   30   2.997682571411133 0 0 0.028649426996707916
   40   2.717477560043335 0 0 0.028278332203626633
   50   2.4886393547058105 0 0 0.02917313203215599
   60   2.4062063694000244 0 0 0.028394650667905807
   70   2.2720420360565186 0 0 0.028726574033498764
   80   2.2685465812683105 0 0 0.02868805266916752
   90   2.2473950386047363 0 0 0.028602702543139458
   100   2.20749831199646 0 0 0.02878090739250183
   110   2.2534737586975098 0 0 0.02867812290787697
   120   2.351534605026245 0 0 0.028274457901716232
   130   2.4233813285827637 0 0 0.02819107659161091
   140   2.395311117172241 0 0 0.028975076973438263
   150   2.3576886653900146 0 0 0.02845502458512783
Total Training Time: 6.346698005927934 hours 
l_NEW: 0.0, l_JD : 0.04, l_FMD: 0.0, l_MSE: 1.0, d_penalty: 0.0,step:15, L: 2, z_dim: 1, bs: 64, bit_rate: 2, s_b: False
| EPOCH |      PLF-JD     |      PLF-FMD    |      PLF-NEW    |      MSE        |
   1   2.4002678394317627 0 0 0.02863096259534359
   10   2.3878390789031982 0 0 0.02905418537557125
   20   2.340205669403076 0 0 0.02915746159851551
   30   2.2612085342407227 0 0 0.029441263526678085
   40   2.2867140769958496 0 0 0.02950279414653778
   50   2.164552688598633 0 0 0.029753567650914192
   60   2.2078545093536377 0 0 0.02925371192395687
   70   2.1615118980407715 0 0 0.0297754667699337
   80   2.067074775695801 0 0 0.03093031235039234
   90   2.0932071208953857 0 0 0.030938442796468735
   100   2.1206436157226562 0 0 0.031356971710920334
   110   1.9759855270385742 0 0 0.03203151747584343
   120   2.0084598064422607 0 0 0.03175481781363487
   130   1.9356430768966675 0 0 0.0301703792065382
   140   1.9212762117385864 0 0 0.031079232692718506
   150   1.8273224830627441 0 0 0.030784672126173973
Total Training Time: 6.624779664940304 hours 
l_NEW: 0.0, l_JD : 0.04, l_FMD: 0.0, l_MSE: 1.0, d_penalty: 0.0,step:15, L: 2, z_dim: 1, bs: 64, bit_rate: 2, s_b: False
| EPOCH |      PLF-JD     |      PLF-FMD    |      PLF-NEW    |      MSE        |
   1   1.8902817964553833 0 0 0.031166011467576027
   10   1.7815098762512207 0 0 0.03190719336271286
   20   1.7236487865447998 0 0 0.03133518993854523
   30   1.716454267501831 0 0 0.03198041021823883
   40   1.6489406824111938 0 0 0.030743662267923355
   50   1.645500659942627 0 0 0.03045613318681717
   60   1.6023544073104858 0 0 0.03075680322945118
   70   1.5992825031280518 0 0 0.030551055446267128
   80   1.556769847869873 0 0 0.03070737048983574
   90   1.4971182346343994 0 0 0.03167514503002167
   100   1.4843989610671997 0 0 0.031350329518318176
   110   1.4985382556915283 0 0 0.0314340777695179
   120   1.410900354385376 0 0 0.03190002217888832
   130   1.3468763828277588 0 0 0.031730905175209045
   140   1.3928323984146118 0 0 0.0313943549990654
   150   1.378921627998352 0 0 0.03093234822154045
Total Training Time: 6.645027935637368 hours 
