l_NEW: 0.0, l_JD : 0.001, l_FMD: 0.0, l_MSE: 1.0, d_penalty: 0.0, L: 2, z_dim: 6, bs: 64
| EPOCH |      PLF-JD     |      PLF-FMD    |      PLF-NEW    |      MSE        |
   1   5.143000602722168 0 0 0.010073650628328323
   10   5.216814994812012 0 0 0.010171288624405861
   20   5.111581325531006 0 0 0.010251610539853573
   30   5.323868751525879 0 0 0.010271046310663223
   40   5.187987804412842 0 0 0.010241910815238953
   50   5.134499549865723 0 0 0.010280851274728775
   60   5.194255828857422 0 0 0.010259587317705154
   70   5.190509796142578 0 0 0.010294308885931969
   80   5.206023216247559 0 0 0.010303080081939697
   90   5.232640743255615 0 0 0.01026649959385395
   100   5.1554765701293945 0 0 0.010199962183833122
   110   5.2810821533203125 0 0 0.010221780277788639
   120   5.263014793395996 0 0 0.01020913664251566
   130   5.380368709564209 0 0 0.010251992382109165
   140   5.442302227020264 0 0 0.010182593017816544
   150   5.333153247833252 0 0 0.010205753147602081
Total Training Time: 7.637995964222484 hours 
l_NEW: 0.0, l_JD : 0.001, l_FMD: 0.0, l_MSE: 1.0, d_penalty: 0.0, L: 2, z_dim: 6, bs: 64
| EPOCH |      PLF-JD     |      PLF-FMD    |      PLF-NEW    |      MSE        |
   1   5.418366432189941 0 0 0.010223743505775928
   10   5.335346698760986 0 0 0.010189025662839413
   20   5.451119899749756 0 0 0.010230785235762596
   30   5.460770606994629 0 0 0.010173373855650425
   40   5.4383063316345215 0 0 0.010164078325033188
   50   5.388065814971924 0 0 0.01020684465765953
   60   5.42167329788208 0 0 0.010160597041249275
   70   5.447724342346191 0 0 0.010229197330772877
   80   5.356350898742676 0 0 0.010155301541090012
   90   5.432741641998291 0 0 0.010144677013158798
   100   5.325241565704346 0 0 0.010271826758980751
   110   5.4457879066467285 0 0 0.010166260413825512
   120   5.422750473022461 0 0 0.010199036449193954
   130   5.413905620574951 0 0 0.010185430757701397
   140   5.5260701179504395 0 0 0.010142691433429718
   150   5.470905780792236 0 0 0.010205079801380634
Total Training Time: 7.388173328240712 hours 
