l_NEW: 0.003, l_JD : 0.0, l_FMD: 0.0, l_MSE: 1.0, d_penalty: 0.0, L: 2, z_dim: 2, bs: 64
| EPOCH |      PLF-JD     |      PLF-FMD    |      PLF-NEW    |      MSE        |
   1   0 0 3.5888476371765137 0.01595545932650566
   10   0 0 2.484163761138916 0.017796820029616356
   20   0 0 2.3349156379699707 0.018343446776270866
   30   0 0 2.350459575653076 0.018320800736546516
   40   0 0 2.2680559158325195 0.01833072490990162
   50   0 0 2.394829511642456 0.01825057715177536
   60   0 0 2.1608376502990723 0.018552422523498535
   70   0 0 2.2275772094726562 0.018700147047638893
Total Training Time: 3.4678320871459114 hours 
l_NEW: 0.003, l_JD : 0.0, l_FMD: 0.0, l_MSE: 1.0, d_penalty: 0.0, L: 2, z_dim: 2, bs: 64
| EPOCH |      PLF-JD     |      PLF-FMD    |      PLF-NEW    |      MSE        |
   1   0 0 2.2737903594970703 0.018428955227136612
   10   0 0 2.2552073001861572 0.01829225942492485
   20   0 0 2.353053569793701 0.018530018627643585
   30   0 0 2.2372384071350098 0.018515484407544136
   40   0 0 2.213113307952881 0.018480533733963966
   50   0 0 2.1599361896514893 0.018733534961938858
   60   0 0 2.154344320297241 0.018588121980428696
   70   0 0 2.1746554374694824 0.01863429695367813
Total Training Time: 3.5126831256018747 hours 
l_NEW: 0.003, l_JD : 0.0, l_FMD: 0.0, l_MSE: 1.0, d_penalty: 0.0, L: 2, z_dim: 2, bs: 64
| EPOCH |      PLF-JD     |      PLF-FMD    |      PLF-NEW    |      MSE        |
   1   0 0 2.1088576316833496 0.018713554367423058
   10   0 0 2.1359703540802 0.018907597288489342
   20   0 0 2.1885926723480225 0.018575681373476982
   30   0 0 2.119431257247925 0.018862251192331314
   40   0 0 2.076164484024048 0.018778573721647263
   50   0 0 2.067427158355713 0.018942086026072502
   60   0 0 2.0573952198028564 0.01874258555471897
   70   0 0 2.071624755859375 0.018800193443894386
Total Training Time: 3.5258144557476045 hours 
l_NEW: 0.003, l_JD : 0.0, l_FMD: 0.0, l_MSE: 1.0, d_penalty: 0.0, L: 2, z_dim: 2, bs: 64
| EPOCH |      PLF-JD     |      PLF-FMD    |      PLF-NEW    |      MSE        |
   1   0 0 1.9988621473312378 0.01886858604848385
   10   0 0 2.121141195297241 0.018738005310297012
   20   0 0 2.0535085201263428 0.01895376481115818
   30   0 0 2.0691978931427 0.01891995780169964
   40   0 0 2.028533697128296 0.018902378156781197
   50   0 0 2.064483880996704 0.018854910507798195
   60   0 0 1.9480931758880615 0.019190793856978416
   70   0 0 1.9389983415603638 0.018937714397907257
l_NEW: 0.003, l_JD : 0.0, l_FMD: 0.0, l_MSE: 1.0, d_penalty: 0.0, L: 2, z_dim: 2, bs: 64
| EPOCH |      PLF-JD     |      PLF-FMD    |      PLF-NEW    |      MSE        |
   1   0 0 2.0173158645629883 0.018937835469841957
   10   0 0 1.9600292444229126 0.01886259950697422
   20   0 0 1.9786312580108643 0.01891312189400196
Total Training Time: 1.0126629977093802 hours 
