l_NEW: 0.01, l_JD : 0.0, l_FMD: 0.0, l_MSE: 1.0,step: 15, d_penalty: 0.0, L: 2, z_dim: 1-4, bs: 64
| EPOCH |      PLF-JD     |      PLF-FMD    |      PLF-NEW    |      MSE        |
l_NEW: 0.01, l_JD : 0.0, l_FMD: 0.0, l_MSE: 1.0,step: 15, d_penalty: 0.0, L: 2, z_dim: 1-4, bs: 64
| EPOCH |      PLF-JD     |      PLF-FMD    |      PLF-NEW    |      MSE        |
   1   0 0 2.5328338146209717 0.01616300828754902
   10   0 0 1.858423113822937 0.016718002036213875
   20   0 0 1.678267478942871 0.017223602160811424
   30   0 0 1.65263032913208 0.01700557768344879
   40   0 0 1.5902824401855469 0.01713753119111061
   50   0 0 1.549589991569519 0.01672726310789585
   60   0 0 1.5103145837783813 0.016934847459197044
   70   0 0 1.4528640508651733 0.01672445237636566
   80   0 0 1.4087879657745361 0.016701433807611465
   90   0 0 1.4089423418045044 0.01677733100950718
   100   0 0 1.3753184080123901 0.01647823676466942
   110   0 0 1.349690556526184 0.01656397059559822
   120   0 0 1.3203035593032837 0.016483604907989502
   130   0 0 1.3219527006149292 0.016452640295028687
   140   0 0 1.277256727218628 0.016426002606749535
   150   0 0 1.2818162441253662 0.016467824578285217
   160   0 0 1.2315760850906372 0.016496242955327034
   170   0 0 1.2276151180267334 0.016388172283768654
   180   0 0 1.172190546989441 0.01649346947669983
   190   0 0 1.1310923099517822 0.016509030014276505
   200   0 0 1.1581604480743408 0.016297629103064537
   210   0 0 1.1093950271606445 0.01623883657157421
l_NEW: 0.01, l_JD : 0.0, l_FMD: 0.0, l_MSE: 1.0,step: 15, d_penalty: 0.0, L: 2, z_dim: 1-4, bs: 64
| EPOCH |      PLF-JD     |      PLF-FMD    |      PLF-NEW    |      MSE        |
   1   0 0 1.1502981185913086 0.01632603444159031
   10   0 0 1.0653425455093384 0.016413120552897453
   20   0 0 1.0666706562042236 0.015984689816832542
   30   0 0 1.0847755670547485 0.01611405424773693
   40   0 0 1.095997929573059 0.01582164689898491
   50   0 0 1.035865306854248 0.016133422031998634
   60   0 0 1.0314953327178955 0.016166161745786667
   70   0 0 1.0244852304458618 0.015761496499180794
   80   0 0 1.0111359357833862 0.01600765623152256
   90   0 0 0.9937063455581665 0.016018610447645187
   100   0 0 0.9821587800979614 0.015917794778943062
   110   0 0 0.9653897285461426 0.01594279706478119
   120   0 0 0.9558619856834412 0.01591033674776554
   130   0 0 0.9371644854545593 0.01573166437447071
   140   0 0 0.9374803900718689 0.015629956498742104
   150   0 0 0.8990997076034546 0.016049254685640335
   160   0 0 0.9215105772018433 0.015561343170702457
   170   0 0 0.8801471590995789 0.015752462670207024
   180   0 0 0.8947120904922485 0.015599996782839298
   190   0 0 0.8504795432090759 0.01579795591533184
   200   0 0 0.8679690957069397 0.01568002998828888
   210   0 0 0.8779048919677734 0.015552830882370472
l_NEW: 0.01, l_JD : 0.0, l_FMD: 0.0, l_MSE: 1.0,step: 15, d_penalty: 0.0, L: 2, z_dim: 1-4, bs: 64
| EPOCH |      PLF-JD     |      PLF-FMD    |      PLF-NEW    |      MSE        |
   1   0 0 0.8538641929626465 0.01600053161382675
   10   0 0 0.843704104423523 0.0157422237098217
   20   0 0 0.8665245771408081 0.015435947105288506
   30   0 0 0.8320757150650024 0.015495724976062775
Total Training Time: 1.7630045505364735 hours 
