l_NEW: 0.0, l_JD : 0.08, l_FMD: 0.0, l_MSE: 1.0, d_penalty: 0.0,step:[11, 5], L: 2, z_dim: 1, bs: 64, bit_rate: 2, s_b: False
| EPOCH |      PLF-JD     |      PLF-FMD    |      PLF-NEW    |      MSE        |
   1   2.1687734127044678 0 0 0.029145238921046257
   10   2.020693302154541 0 0 0.03267623111605644
   20   1.9860087633132935 0 0 0.03414690122008324
   30   1.7414623498916626 0 0 0.03385567292571068
   40   1.9163202047348022 0 0 0.03437203913927078
   50   1.427208423614502 0 0 0.033911529928445816
   60   1.4325696229934692 0 0 0.033705685287714005
   70   1.5238533020019531 0 0 0.033584121614694595
   80   1.5827829837799072 0 0 0.031467974185943604
   90   1.4238651990890503 0 0 0.03235338628292084
   100   1.4944677352905273 0 0 0.033295053988695145
   110   1.3580639362335205 0 0 0.03382476419210434
