l_PN, l_P, l_MSE, d_penalty  0.0 0.0 1.0 0.0
| EPOCH | PLF-JD | PLF-FMD | PLF-NEW | MSE |
1 5.747300624847412 1.6840479373931885 1.801698923110962 0.01279139518737793
10 5.736964702606201 1.5846507549285889 1.6773172616958618 0.012835408560931683
20 5.699706554412842 1.5600849390029907 1.687163233757019 0.01288672536611557
30 5.756393909454346 1.6421204805374146 1.7232589721679688 0.012791668996214867
40 5.875790119171143 1.5710455179214478 1.6327530145645142 0.012837989255785942
50 5.858353614807129 1.4944249391555786 1.6124924421310425 0.013061000034213066
60 5.828053951263428 1.5408337116241455 1.6609773635864258 0.012977891601622105
70 5.7834930419921875 1.5526671409606934 1.6548043489456177 0.012938693165779114
80 5.83774471282959 1.4832793474197388 1.639458417892456 0.012976459227502346
Total Training Time: 7.508794520232413 hours 
l_PN, l_P, l_MSE, d_penalty  0.0 0.0 1.0 0.0
| EPOCH | PLF-JD | PLF-FMD | PLF-NEW | MSE |
1 5.861662864685059 1.4989093542099 1.6441131830215454 0.013116676360368729
10 5.886448383331299 1.4181102514266968 1.5378202199935913 0.013140491209924221
20 5.892639636993408 1.5052930116653442 1.6230663061141968 0.012840942479670048
30 5.8935089111328125 1.4586031436920166 1.5874028205871582 0.012988331727683544
40 5.937521457672119 1.4586557149887085 1.6088922023773193 0.013002094812691212
50 5.895340919494629 1.4630943536758423 1.5774503946304321 0.012939865700900555
60 5.875881195068359 1.3857616186141968 1.5388506650924683 0.013017271645367146
70 5.948203086853027 1.4139305353164673 1.5679492950439453 0.013063384220004082
80 5.9028639793396 1.401435375213623 1.5799249410629272 0.012912848964333534
Total Training Time: 7.169271438320478 hours 
