l_NEW: 0.0, l_JD : 0.0, l_FMD: 0.04, l_MSE: 1.0, d_penalty: 0.0, L: 2, z_dim: 8, bs: 64
| EPOCH |      PLF-JD     |      PLF-FMD    |      PLF-NEW    |      MSE        |
   1   0 1.286745548248291 0 0.015178035013377666
   10   0 1.1819744110107422 0 0.015025043860077858
   20   0 1.109838843345642 0 0.014894071035087109
   30   0 1.1638468503952026 0 0.014606738463044167
   40   0 1.041053056716919 0 0.014678055420517921
   50   0 1.0428545475006104 0 0.01461052056401968
   60   0 0.9900762438774109 0 0.014377878047525883
   70   0 0.9682035446166992 0 0.014479562640190125
   80   0 0.9313303232192993 0 0.014402094297111034
   90   0 0.9413896203041077 0 0.014478681609034538
   100   0 0.9001518487930298 0 0.014679077081382275
   110   0 0.8782730102539062 0 0.014394104480743408
   120   0 0.9076164960861206 0 0.014713965356349945
   130   0 0.8973928689956665 0 0.01454563532024622
   140   0 0.8750905990600586 0 0.0147318746894598
   150   0 0.8186386227607727 0 0.014774824492633343
   160   0 0.8523774147033691 0 0.014526190236210823
   170   0 0.8141067028045654 0 0.014618217013776302
   180   0 0.8325371742248535 0 0.014685327187180519
   190   0 0.8333510756492615 0 0.014421147294342518
   200   0 0.8019084930419922 0 0.014909985475242138
   210   0 0.8062239289283752 0 0.014601411297917366
   220   0 0.7814677953720093 0 0.01454706396907568
   230   0 0.7705559730529785 0 0.014782298356294632
   240   0 0.7867263555526733 0 0.014485308900475502
   250   0 0.772972822189331 0 0.014417399652302265
Total Training Time: 11.449711760547427 hours 
l_NEW: 0.0, l_JD : 0.0, l_FMD: 0.04, l_MSE: 1.0, d_penalty: 0.0, L: 2, z_dim: 8, bs: 64
| EPOCH |      PLF-JD     |      PLF-FMD    |      PLF-NEW    |      MSE        |
   1   0 0.7846286296844482 0 0.014694620855152607
   10   0 0.7726714611053467 0 0.01448812149465084
   20   0 0.7644459009170532 0 0.014316842891275883
   30   0 0.7202538251876831 0 0.014383330009877682
   40   0 0.7799951434135437 0 0.014405827037990093
   50   0 0.745745062828064 0 0.014436112716794014
Total Training Time: 2.3882761318816077 hours 
