l_NEW: 0.0, l_JD : 0.05, l_FMD: 0.0, l_MSE: 1.0, d_penalty: 0.0,step:[11, 5], L: 2, z_dim: 1, bs: 64, bit_rate: 2, s_b: False
| EPOCH |      PLF-JD     |      PLF-FMD    |      PLF-NEW    |      MSE        |
   1   2.201231002807617 0 0 0.029735231772065163
   10   2.2093522548675537 0 0 0.03468059003353119
   20   1.8196659088134766 0 0 0.03396119922399521
   30   1.5954430103302002 0 0 0.034805938601493835
   40   1.461585521697998 0 0 0.03589843586087227
   50   1.4224010705947876 0 0 0.03560568392276764
   60   1.4871219396591187 0 0 0.03534374013543129
   70   1.6337885856628418 0 0 0.03615241497755051
   80   1.5441912412643433 0 0 0.03576182201504707
   90   1.794777750968933 0 0 0.03630819171667099
   100   1.437740445137024 0 0 0.03635803982615471
   110   1.4530086517333984 0 0 0.03591454029083252
