l_NEW: 0.0, l_JD : 0.05, l_FMD: 0.0, l_MSE: 1.0,step: 15, d_penalty: 0.0, L: 2, z_dim: 1-4, bs: 64
| EPOCH |      PLF-JD     |      PLF-FMD    |      PLF-NEW    |      MSE        |
   1   3.081834316253662 0 0 0.023334406316280365
   10   2.2483694553375244 0 0 0.02589123137295246
   20   2.1216964721679688 0 0 0.02596408687531948
   30   2.055410861968994 0 0 0.02617107331752777
   40   2.0934181213378906 0 0 0.026245051994919777
   50   2.121769428253174 0 0 0.025981729850172997
   60   2.072201728820801 0 0 0.026567421853542328
   70   2.0904340744018555 0 0 0.026447061449289322
   80   2.0429282188415527 0 0 0.0262230783700943
   90   2.06485915184021 0 0 0.026237640529870987
   100   2.00992488861084 0 0 0.026594428345561028
   110   2.0015666484832764 0 0 0.026238352060317993
   120   1.9801989793777466 0 0 0.026588598266243935
   130   1.9728904962539673 0 0 0.026389090344309807
l_NEW: 0.0, l_JD : 0.05, l_FMD: 0.0, l_MSE: 1.0,step: 15, d_penalty: 0.0, L: 2, z_dim: 1-4, bs: 64
| EPOCH |      PLF-JD     |      PLF-FMD    |      PLF-NEW    |      MSE        |
   1   1.9494576454162598 0 0 0.027011873200535774
   10   1.8719890117645264 0 0 0.02650863118469715
   20   1.93440842628479 0 0 0.02580110728740692
   30   1.901842474937439 0 0 0.026156116276979446
   40   1.9102609157562256 0 0 0.025863738730549812
   50   1.8915061950683594 0 0 0.026086589321494102
   60   1.8409103155136108 0 0 0.02635359950363636
   70   1.8084839582443237 0 0 0.026491709053516388
   80   1.8018869161605835 0 0 0.026301894336938858
   90   1.7758938074111938 0 0 0.02655058354139328
   100   1.8099150657653809 0 0 0.02658294141292572
   110   1.727792739868164 0 0 0.026773732155561447
   120   1.8237195014953613 0 0 0.02623015083372593
   130   1.6946099996566772 0 0 0.02674727700650692
l_NEW: 0.0, l_JD : 0.05, l_FMD: 0.0, l_MSE: 1.0,step: 15, d_penalty: 0.0, L: 2, z_dim: 1-4, bs: 64
| EPOCH |      PLF-JD     |      PLF-FMD    |      PLF-NEW    |      MSE        |
   1   1.7704758644104004 0 0 0.026354413479566574
   10   1.6508265733718872 0 0 0.027214542031288147
   20   1.7132976055145264 0 0 0.027148332446813583
   30   1.6717121601104736 0 0 0.02671762742102146
   40   1.6764957904815674 0 0 0.02660558372735977
   50   1.6294656991958618 0 0 0.026134325191378593
   60   1.6661534309387207 0 0 0.02656407468020916
   70   1.6984045505523682 0 0 0.02656145952641964
   80   1.6495693922042847 0 0 0.02625332400202751
   90   1.6102139949798584 0 0 0.02635239250957966
   100   1.5945926904678345 0 0 0.026719611138105392
   110   1.649960994720459 0 0 0.026349782943725586
   120   1.632273554801941 0 0 0.02621753141283989
   130   1.5797945261001587 0 0 0.026554809883236885
l_NEW: 0.0, l_JD : 0.05, l_FMD: 0.0, l_MSE: 1.0,step: 15, d_penalty: 0.0, L: 2, z_dim: 1-4, bs: 64
| EPOCH |      PLF-JD     |      PLF-FMD    |      PLF-NEW    |      MSE        |
   1   1.5842816829681396 0 0 0.026474665850400925
   10   1.584201455116272 0 0 0.02647995948791504
   20   1.5335843563079834 0 0 0.026693789288401604
   30   1.5710463523864746 0 0 0.0263085775077343
   40   1.585496425628662 0 0 0.026753615587949753
   50   1.569401741027832 0 0 0.02632012963294983
   60   1.5328681468963623 0 0 0.026111694052815437
Total Training Time: 3.4844361852275 hours 
