l_NEW: 0.0, l_JD : 0.01, l_FMD: 0.0, l_MSE: 1.0, d_penalty: 0.0, L: 2, z_dim: 2, bs: 64
| EPOCH |      PLF-JD     |      PLF-FMD    |      PLF-NEW    |      MSE        |
   1   2.6274075508117676 0 0 0.02001890167593956
   10   1.9296237230300903 0 0 0.021909430623054504
   20   1.8883832693099976 0 0 0.022234749048948288
   30   1.8485280275344849 0 0 0.02228107489645481
   40   1.620694637298584 0 0 0.022640839219093323
   50   1.619165062904358 0 0 0.022799551486968994
   60   1.5942877531051636 0 0 0.022817477583885193
   70   1.5150418281555176 0 0 0.022845905274152756
Total Training Time: 3.4913478253947363 hours 
l_NEW: 0.0, l_JD : 0.01, l_FMD: 0.0, l_MSE: 1.0, d_penalty: 0.0, L: 2, z_dim: 2, bs: 64
| EPOCH |      PLF-JD     |      PLF-FMD    |      PLF-NEW    |      MSE        |
   1   1.518447995185852 0 0 0.02270236238837242
   10   1.5507731437683105 0 0 0.022795405238866806
   20   1.5245252847671509 0 0 0.022783813998103142
   30   1.485701560974121 0 0 0.022943029180169106
   40   1.5475047826766968 0 0 0.022680357098579407
   50   1.4811115264892578 0 0 0.02273773029446602
   60   1.4889860153198242 0 0 0.022687409073114395
   70   1.450850486755371 0 0 0.022935112938284874
Total Training Time: 3.497159096068806 hours 
l_NEW: 0.0, l_JD : 0.01, l_FMD: 0.0, l_MSE: 1.0, d_penalty: 0.0, L: 2, z_dim: 2, bs: 64
| EPOCH |      PLF-JD     |      PLF-FMD    |      PLF-NEW    |      MSE        |
   1   1.435242772102356 0 0 0.02290702797472477
   10   1.4212710857391357 0 0 0.02282104641199112
   20   1.3801296949386597 0 0 0.022695744410157204
   30   1.3905607461929321 0 0 0.022919081151485443
   40   1.4228671789169312 0 0 0.022699283435940742
   50   1.378817081451416 0 0 0.023188693448901176
   60   1.3613781929016113 0 0 0.023155663162469864
   70   1.361255168914795 0 0 0.02281443402171135
Total Training Time: 3.420104621185197 hours 
l_NEW: 0.0, l_JD : 0.01, l_FMD: 0.0, l_MSE: 1.0, d_penalty: 0.0, L: 2, z_dim: 2, bs: 64
| EPOCH |      PLF-JD     |      PLF-FMD    |      PLF-NEW    |      MSE        |
   1   1.33511221408844 0 0 0.022757062688469887
   10   1.325628638267517 0 0 0.023046664893627167
   20   1.3304775953292847 0 0 0.022897999733686447
   30   1.3427156209945679 0 0 0.022817961871623993
   40   1.2966115474700928 0 0 0.022828109562397003
   50   1.3786542415618896 0 0 0.02264263480901718
   60   1.3183339834213257 0 0 0.02290153317153454
   70   1.3461452722549438 0 0 0.022651778534054756
l_NEW: 0.0, l_JD : 0.01, l_FMD: 0.0, l_MSE: 1.0, d_penalty: 0.0, L: 2, z_dim: 2, bs: 64
| EPOCH |      PLF-JD     |      PLF-FMD    |      PLF-NEW    |      MSE        |
   1   1.3057411909103394 0 0 0.02270384505391121
   10   1.3267748355865479 0 0 0.02274106815457344
   20   1.2783253192901611 0 0 0.02296317182481289
Total Training Time: 1.0180111209551492 hours 
