l_NEW: 0.0, l_JD : 0.0, l_FMD: 0.08, l_MSE: 1.0, d_penalty: 0.0, L: 2, z_dim: 4, bs: 64
| EPOCH |      PLF-JD     |      PLF-FMD    |      PLF-NEW    |      MSE        |
   1   0 1.9921842813491821 0 0.02213400788605213
   10   0 1.3682996034622192 0 0.0224215779453516
   20   0 1.2840055227279663 0 0.021999353542923927
   30   0 1.2513034343719482 0 0.02145128697156906
   40   0 1.0665231943130493 0 0.022284982725977898
   50   0 0.9874598383903503 0 0.022016871720552444
   60   0 1.0642516613006592 0 0.022826915606856346
   70   0 0.9567815661430359 0 0.022794600576162338
   80   0 0.8581523299217224 0 0.023234643042087555
   90   0 0.8797556161880493 0 0.023075193166732788
   100   0 0.869914710521698 0 0.022874439135193825
   110   0 0.8284613490104675 0 0.02275210991501808
   120   0 0.8390299081802368 0 0.022667329758405685
   130   0 0.8017123937606812 0 0.022423772141337395
   140   0 0.7735643982887268 0 0.02258298546075821
   150   0 0.7910529971122742 0 0.022608306258916855
Total Training Time: 7.08640893790457 hours 
l_NEW: 0.0, l_JD : 0.0, l_FMD: 0.08, l_MSE: 1.0, d_penalty: 0.0, L: 2, z_dim: 4, bs: 64
| EPOCH |      PLF-JD     |      PLF-FMD    |      PLF-NEW    |      MSE        |
   1   0 0.7994899153709412 0 0.022467151284217834
   10   0 0.7520370483398438 0 0.02237868681550026
   20   0 0.7451695203781128 0 0.0231795497238636
   30   0 0.6935546398162842 0 0.02296602539718151
   40   0 0.729814887046814 0 0.02289023995399475
   50   0 0.7184226512908936 0 0.022771136835217476
   60   0 0.7071143388748169 0 0.022416919469833374
   70   0 0.6722465753555298 0 0.0224168561398983
   80   0 0.7033102512359619 0 0.022398250177502632
   90   0 0.7055783271789551 0 0.02217455394566059
   100   0 0.6805875301361084 0 0.0221498254686594
   110   0 0.6904692053794861 0 0.022175028920173645
   120   0 0.6304495930671692 0 0.022502776235342026
   130   0 0.6605504751205444 0 0.022354718297719955
   140   0 0.6718221306800842 0 0.02174956724047661
   150   0 0.6653650403022766 0 0.02183137834072113
Total Training Time: 6.895233257611593 hours 
