l_NEW: 0.0, l_JD : 0.03, l_FMD: 0.0, l_MSE: 1.0,step: 15, d_penalty: 0.0, L: 2, z_dim: 1-4, bs: 64
| EPOCH |      PLF-JD     |      PLF-FMD    |      PLF-NEW    |      MSE        |
   1   2.7569386959075928 0 0 0.01958506926894188
   10   2.189718008041382 0 0 0.020747508853673935
   20   2.096707344055176 0 0 0.021374758332967758
   30   2.0352282524108887 0 0 0.021959351375699043
   40   2.0009031295776367 0 0 0.02174983359873295
   50   2.0596823692321777 0 0 0.02193143032491207
   60   1.994223713874817 0 0 0.02186819352209568
   70   1.9962579011917114 0 0 0.022082863375544548
   80   1.968853235244751 0 0 0.02159392274916172
   90   1.9003541469573975 0 0 0.021980229765176773
   100   1.8461300134658813 0 0 0.02168572135269642
   110   1.877190351486206 0 0 0.02165130153298378
   120   1.8571703433990479 0 0 0.02173973247408867
   130   1.8103488683700562 0 0 0.02154047042131424
l_NEW: 0.0, l_JD : 0.03, l_FMD: 0.0, l_MSE: 1.0,step: 15, d_penalty: 0.0, L: 2, z_dim: 1-4, bs: 64
| EPOCH |      PLF-JD     |      PLF-FMD    |      PLF-NEW    |      MSE        |
   1   1.806554913520813 0 0 0.021877018734812737
   10   1.871537208557129 0 0 0.021553602069616318
   20   1.8746299743652344 0 0 0.021522516384720802
   30   1.788520097732544 0 0 0.02227056212723255
   40   1.8019635677337646 0 0 0.021517599001526833
   50   1.726743221282959 0 0 0.022161338478326797
   60   1.7520108222961426 0 0 0.021615808829665184
   70   1.7431327104568481 0 0 0.02146226353943348
   80   1.7793517112731934 0 0 0.02166254259645939
   90   1.6978729963302612 0 0 0.021352743729948997
   100   1.6914377212524414 0 0 0.021411169320344925
   110   1.7175413370132446 0 0 0.02171095460653305
   120   1.6362602710723877 0 0 0.021394284442067146
   130   1.6155965328216553 0 0 0.021600130945444107
l_NEW: 0.0, l_JD : 0.03, l_FMD: 0.0, l_MSE: 1.0,step: 15, d_penalty: 0.0, L: 2, z_dim: 1-4, bs: 64
| EPOCH |      PLF-JD     |      PLF-FMD    |      PLF-NEW    |      MSE        |
   1   1.646493673324585 0 0 0.021550236269831657
   10   1.6826565265655518 0 0 0.021498171612620354
   20   1.6432273387908936 0 0 0.02112949825823307
   30   1.625095009803772 0 0 0.02156129665672779
   40   1.589715600013733 0 0 0.02124740369617939
   50   1.6876860857009888 0 0 0.021060703322291374
   60   1.644034743309021 0 0 0.021270306780934334
   70   1.705811858177185 0 0 0.02136160247027874
   80   1.563881754875183 0 0 0.021296236664056778
   90   1.582383632659912 0 0 0.021288184449076653
   100   1.5868003368377686 0 0 0.021397443488240242
   110   1.5377485752105713 0 0 0.021334873512387276
   120   1.5632222890853882 0 0 0.020918982103466988
   130   1.5520213842391968 0 0 0.021219201385974884
l_NEW: 0.0, l_JD : 0.03, l_FMD: 0.0, l_MSE: 1.0,step: 15, d_penalty: 0.0, L: 2, z_dim: 1-4, bs: 64
| EPOCH |      PLF-JD     |      PLF-FMD    |      PLF-NEW    |      MSE        |
   1   1.6022181510925293 0 0 0.021508650854229927
   10   1.582960605621338 0 0 0.021597035229206085
   20   1.5519524812698364 0 0 0.021135160699486732
   30   1.5217578411102295 0 0 0.020716555416584015
   40   1.5836557149887085 0 0 0.021026968955993652
   50   1.5607670545578003 0 0 0.021542441099882126
   60   1.5834770202636719 0 0 0.02137880027294159
Total Training Time: 3.4680308479070665 hours 
