l_NEW: 0.0, l_JD : 0.0, l_FMD: 0.04, l_MSE: 1.0, d_penalty: 0.0, L: 2, z_dim: 4, bs: 64
| EPOCH |      PLF-JD     |      PLF-FMD    |      PLF-NEW    |      MSE        |
   1   0 1.9236103296279907 0 0.020560188218951225
   10   0 1.3005480766296387 0 0.020561421290040016
   20   0 1.2525054216384888 0 0.020510831847786903
   30   0 1.1904839277267456 0 0.020150939002633095
   40   0 1.1657828092575073 0 0.020231306552886963
   50   0 1.1101644039154053 0 0.020260581746697426
   60   0 1.056895136833191 0 0.020353764295578003
   70   0 1.0126023292541504 0 0.02093592658638954
   80   0 0.9812281131744385 0 0.020488187670707703
   90   0 0.9663734436035156 0 0.020587703213095665
   100   0 0.9242609143257141 0 0.02072734944522381
   110   0 0.861064612865448 0 0.020701659843325615
   120   0 0.8377490043640137 0 0.020568108186125755
   130   0 0.8424050807952881 0 0.021056165918707848
   140   0 0.7963894009590149 0 0.020504670217633247
   150   0 0.7937511801719666 0 0.020399833098053932
Total Training Time: 7.055296225017972 hours 
l_NEW: 0.0, l_JD : 0.0, l_FMD: 0.04, l_MSE: 1.0, d_penalty: 0.0, L: 2, z_dim: 4, bs: 64
| EPOCH |      PLF-JD     |      PLF-FMD    |      PLF-NEW    |      MSE        |
   1   0 0.8164778351783752 0 0.020829087123274803
   10   0 0.8298003673553467 0 0.020484425127506256
   20   0 0.7723877429962158 0 0.020395230501890182
   30   0 0.792780876159668 0 0.020657958462834358
   40   0 0.7904660701751709 0 0.02055928483605385
   50   0 0.7823218107223511 0 0.020592505112290382
   60   0 0.7482349872589111 0 0.02061978168785572
   70   0 0.7366116046905518 0 0.02070566639304161
   80   0 0.7433543801307678 0 0.0207473523914814
   90   0 0.7295220494270325 0 0.02078697830438614
   100   0 0.7326202988624573 0 0.02057769149541855
   110   0 0.6989907622337341 0 0.020223690196871758
   120   0 0.7375920414924622 0 0.02041776292026043
   130   0 0.7105938196182251 0 0.020430125296115875
   140   0 0.7007671594619751 0 0.020429054275155067
   150   0 0.6832280158996582 0 0.02031690999865532
Total Training Time: 7.006707681218783 hours 
