l_NEW: 0.0, l_JD : 0.0, l_FMD: 0.0, l_MSE: 1.0,step: 15, d_penalty: 0.0, L: 2, z_dim: 1-4, bs: 64
| EPOCH |      PLF-JD     |      PLF-FMD    |      PLF-NEW    |      MSE        |
   1   9.85478687286377 9.584991455078125 9.874913215637207 0.02069970592856407
   10   7.921596527099609 8.421224594116211 8.322461128234863 0.01405404880642891
   20   8.065993309020996 7.708092212677002 7.682836532592773 0.01306351087987423
   30   7.424389362335205 7.341787338256836 7.5311455726623535 0.012437938712537289
   40   6.822546005249023 7.085765838623047 6.864658832550049 0.011906160973012447
   50   6.836169719696045 6.706548690795898 6.634098529815674 0.011569950729608536
   60   6.3421101570129395 6.224738121032715 6.414008140563965 0.011212279088795185
   70   6.173896312713623 6.132420539855957 6.274399757385254 0.010907778516411781
   80   6.006320476531982 5.95578670501709 5.923979759216309 0.010771865025162697
Total Training Time: 11.06749355395635 hours 
