l_NEW: 0.0, l_JD : 0.0, l_FMD: 0.015, l_MSE: 1.0, d_penalty: 0.0,step:15, L: 2, z_dim: 1, bs: 64, bit_rate: 2, s_b: False
| EPOCH |      PLF-JD     |      PLF-FMD    |      PLF-NEW    |      MSE        |
   1   0 3.8699147701263428 0 0.025095276534557343
   10   0 3.114743232727051 0 0.025706687942147255
   20   0 2.703526020050049 0 0.026502558961510658
   30   0 2.399770498275757 0 0.026699725538492203
   40   0 2.1528191566467285 0 0.026966247707605362
   50   0 1.9414832592010498 0 0.027553856372833252
   60   0 1.8344205617904663 0 0.02703412063419819
   70   0 1.6743048429489136 0 0.027640724554657936
   80   0 1.6092807054519653 0 0.02765483222901821
   90   0 1.6092721223831177 0 0.027259336784482002
   100   0 1.57658052444458 0 0.027525734156370163
   110   0 1.5427093505859375 0 0.02729196473956108
   120   0 1.4986989498138428 0 0.027429834008216858
   130   0 1.4883008003234863 0 0.027162332087755203
   140   0 1.3942735195159912 0 0.027971727773547173
   150   0 1.458229422569275 0 0.027554072439670563
   160   0 1.3942450284957886 0 0.027652520686388016
   170   0 1.3737941980361938 0 0.02737434208393097
   180   0 1.370916485786438 0 0.027604496106505394
   190   0 1.315413475036621 0 0.027563640847802162
   200   0 1.3330122232437134 0 0.02774639241397381
   210   0 1.3241360187530518 0 0.02778242714703083
   220   0 1.3129576444625854 0 0.02786262333393097
   230   0 1.2700916528701782 0 0.02780902571976185
   240   0 1.2308144569396973 0 0.02802421897649765
   250   0 1.2227259874343872 0 0.027577435597777367
Total Training Time: 10.49484054075347 hours 
l_NEW: 0.0, l_JD : 0.0, l_FMD: 0.015, l_MSE: 1.0, d_penalty: 0.0,step:15, L: 2, z_dim: 1, bs: 64, bit_rate: 2, s_b: False
| EPOCH |      PLF-JD     |      PLF-FMD    |      PLF-NEW    |      MSE        |
   1   0 1.2601377964019775 0 0.027992334216833115
   10   0 1.2259668111801147 0 0.027640730142593384
   20   0 1.1559463739395142 0 0.02805977314710617
   30   0 1.167100429534912 0 0.027934996411204338
   40   0 1.1695302724838257 0 0.027933476492762566
   50   0 1.1618207693099976 0 0.027888664975762367
Total Training Time: 2.112380401492119 hours 
