l_NEW: 0.0, l_JD : 0.0, l_FMD: 0.0, l_MSE: 1.0,step: 5, d_penalty: 0.0, L: 2, z_dim: 1-4, bs: 64
| EPOCH |      PLF-JD     |      PLF-FMD    |      PLF-NEW    |      MSE        |
   1   8.619969367980957 8.67969799041748 8.666308403015137 0.01682848483324051
   10   6.451501369476318 6.666842937469482 6.479536056518555 0.011236906982958317
   20   5.741248607635498 5.618446350097656 5.741296291351318 0.010109375230967999
   30   4.963098049163818 4.919782638549805 4.944995880126953 0.008550764061510563
   40   4.195052146911621 4.223912715911865 4.244629383087158 0.007639776915311813
   50   3.875450611114502 3.899003505706787 3.716151714324951 0.006994043476879597
   60   3.585836172103882 3.50526762008667 3.452315092086792 0.006618511397391558
   70   3.3117170333862305 3.3909101486206055 3.216845750808716 0.006321111228317022
   80   3.0823535919189453 3.1237399578094482 3.080670118331909 0.006104626227170229
