l_NEW: 0.0, l_JD : 0.005, l_FMD: 0.0, l_MSE: 1.0, d_penalty: 0.0, L: 2, z_dim: 4, bs: 64
| EPOCH |      PLF-JD     |      PLF-FMD    |      PLF-NEW    |      MSE        |
   1   3.4156126976013184 0 0 0.015202347189188004
   10   2.4918792247772217 0 0 0.017587648704648018
   20   2.357968807220459 0 0 0.01814981736242771
   30   2.2148165702819824 0 0 0.018686670809984207
   40   2.0988497734069824 0 0 0.019069932401180267
   50   2.107908248901367 0 0 0.018841221928596497
   60   2.047438383102417 0 0 0.019224315881729126
   70   1.9039946794509888 0 0 0.01960919238626957
   80   1.9005374908447266 0 0 0.019533494487404823
   90   1.8918118476867676 0 0 0.019598793238401413
   100   1.8666465282440186 0 0 0.019596775993704796
   110   1.779247522354126 0 0 0.01962975598871708
   120   1.8493109941482544 0 0 0.01951158419251442
   130   1.818089485168457 0 0 0.019571790471673012
   140   1.7917671203613281 0 0 0.019502270966768265
   150   1.7533107995986938 0 0 0.019657626748085022
Total Training Time: 7.46343407438861 hours 
l_NEW: 0.0, l_JD : 0.005, l_FMD: 0.0, l_MSE: 1.0, d_penalty: 0.0, L: 2, z_dim: 4, bs: 64
| EPOCH |      PLF-JD     |      PLF-FMD    |      PLF-NEW    |      MSE        |
   1   1.7578808069229126 0 0 0.019824298098683357
   10   1.7270166873931885 0 0 0.01973779685795307
   20   1.6577200889587402 0 0 0.019844170659780502
   30   1.6749674081802368 0 0 0.019831743091344833
   40   1.6445345878601074 0 0 0.019690094515681267
   50   1.6918890476226807 0 0 0.01961691491305828
   60   1.6220711469650269 0 0 0.019919008016586304
   70   1.6247752904891968 0 0 0.0199432373046875
   80   1.6521172523498535 0 0 0.019791245460510254
   90   1.5988402366638184 0 0 0.019893739372491837
   100   1.6247674226760864 0 0 0.019796090200543404
   110   1.6196385622024536 0 0 0.019711125642061234
   120   1.5577219724655151 0 0 0.01979755237698555
   130   1.649165391921997 0 0 0.019679812714457512
   140   1.5835535526275635 0 0 0.019730299711227417
   150   1.6745198965072632 0 0 0.019656328484416008
Total Training Time: 7.535962537725767 hours 
