l_NEW: 0.0, l_JD : 0.005, l_FMD: 0.0, l_MSE: 1.0, d_penalty: 0.0, L: 2, z_dim: 8, bs: 64
| EPOCH |      PLF-JD     |      PLF-FMD    |      PLF-NEW    |      MSE        |
l_NEW: 0.0, l_JD : 0.005, l_FMD: 0.0, l_MSE: 1.0, d_penalty: 0.0, L: 2, z_dim: 8, bs: 64
| EPOCH |      PLF-JD     |      PLF-FMD    |      PLF-NEW    |      MSE        |
   1   3.9232616424560547 0 0 0.012141572311520576
   10   2.7538838386535645 0 0 0.015478374436497688
   20   2.587003469467163 0 0 0.016151711344718933
   30   2.4743824005126953 0 0 0.016637546941637993
   40   2.351243734359741 0 0 0.016952194273471832
   50   2.402573823928833 0 0 0.016910584643483162
   60   2.289907217025757 0 0 0.017167698591947556
   70   2.247134208679199 0 0 0.017487749457359314
   80   2.135113477706909 0 0 0.01743348315358162
   90   2.1851015090942383 0 0 0.01744340918958187
   100   2.0561087131500244 0 0 0.017533691599965096
   110   1.994386076927185 0 0 0.017781298607587814
   120   1.9655073881149292 0 0 0.017989348620176315
   130   2.004136800765991 0 0 0.01752629317343235
   140   1.9738407135009766 0 0 0.017811333760619164
   150   1.8980025053024292 0 0 0.01778765209019184
   160   1.942655086517334 0 0 0.01791234314441681
   170   1.9118540287017822 0 0 0.017919298261404037
   180   1.8089969158172607 0 0 0.017950499430298805
   190   1.9028971195220947 0 0 0.017970843240618706
   200   1.8604199886322021 0 0 0.017939021810889244
   210   1.818990707397461 0 0 0.01806497760117054
   220   1.8576722145080566 0 0 0.017863918095827103
   230   1.8136216402053833 0 0 0.018026819452643394
   240   1.75459623336792 0 0 0.018115976825356483
   250   1.8717259168624878 0 0 0.01779073476791382
Total Training Time: 11.93305819220013 hours 
l_NEW: 0.0, l_JD : 0.005, l_FMD: 0.0, l_MSE: 1.0, d_penalty: 0.0, L: 2, z_dim: 8, bs: 64
| EPOCH |      PLF-JD     |      PLF-FMD    |      PLF-NEW    |      MSE        |
   1   1.7493668794631958 0 0 0.01804542914032936
   10   1.7600535154342651 0 0 0.01793748140335083
   20   1.7484228610992432 0 0 0.018086647614836693
   30   1.7817336320877075 0 0 0.01785307750105858
   40   1.721096396446228 0 0 0.01794511266052723
   50   1.7354716062545776 0 0 0.018119780346751213
Total Training Time: 2.4920581643448934 hours 
