l_NEW: 0.08, l_JD : 0.0, l_FMD: 0.0, l_MSE: 1.0, d_penalty: 0.0, L: 2, z_dim: 2, bs: 64
| EPOCH |      PLF-JD     |      PLF-FMD    |      PLF-NEW    |      MSE        |
   1   0 0 2.410350799560547 0.023834649473428726
   10   0 0 1.3955516815185547 0.02516351453959942
   20   0 0 1.3365806341171265 0.025961123406887054
   30   0 0 1.2755416631698608 0.025898518040776253
   40   0 0 1.340225338935852 0.025690164417028427
   50   0 0 1.2775864601135254 0.026007123291492462
   60   0 0 1.2543312311172485 0.02627822384238243
   70   0 0 1.1689345836639404 0.02624673955142498
Total Training Time: 3.3910626229312686 hours 
l_NEW: 0.08, l_JD : 0.0, l_FMD: 0.0, l_MSE: 1.0, d_penalty: 0.0, L: 2, z_dim: 2, bs: 64
| EPOCH |      PLF-JD     |      PLF-FMD    |      PLF-NEW    |      MSE        |
   1   0 0 1.2341420650482178 0.026579581201076508
   10   0 0 1.135666847229004 0.026875915005803108
   20   0 0 1.100385308265686 0.026493234559893608
   30   0 0 1.0682467222213745 0.02644779346883297
   40   0 0 0.9833799004554749 0.026792248710989952
   50   0 0 0.9985713362693787 0.026640674099326134
   60   0 0 1.0121532678604126 0.026713961735367775
   70   0 0 0.989587128162384 0.026636486873030663
Total Training Time: 3.4056592426035137 hours 
l_NEW: 0.08, l_JD : 0.0, l_FMD: 0.0, l_MSE: 1.0, d_penalty: 0.0, L: 2, z_dim: 2, bs: 64
| EPOCH |      PLF-JD     |      PLF-FMD    |      PLF-NEW    |      MSE        |
   1   0 0 1.0409311056137085 0.02698650397360325
   10   0 0 0.9977906942367554 0.02679034136235714
   20   0 0 0.9748144149780273 0.02715713530778885
   30   0 0 0.8938324451446533 0.026722241193056107
   40   0 0 0.9260678887367249 0.026799142360687256
   50   0 0 0.9214389324188232 0.026652732864022255
   60   0 0 0.8937920928001404 0.026767099276185036
   70   0 0 0.9355295896530151 0.026623781770467758
Total Training Time: 3.5333480436934366 hours 
l_NEW: 0.08, l_JD : 0.0, l_FMD: 0.0, l_MSE: 1.0, d_penalty: 0.0, L: 2, z_dim: 2, bs: 64
| EPOCH |      PLF-JD     |      PLF-FMD    |      PLF-NEW    |      MSE        |
   1   0 0 0.9537989497184753 0.026623589918017387
   10   0 0 0.8493781685829163 0.027338523417711258
   20   0 0 0.8352198004722595 0.02676655538380146
   30   0 0 0.8951652646064758 0.026974551379680634
   40   0 0 0.8498876690864563 0.02705683372914791
   50   0 0 0.8143537640571594 0.02745162695646286
   60   0 0 0.8696920275688171 0.027678461745381355
   70   0 0 0.8286277055740356 0.027339313179254532
   80   0 0 0.7880642414093018 0.027253784239292145
Total Training Time: 3.9267421558830473 hours 
l_NEW: 0.08, l_JD : 0.0, l_FMD: 0.0, l_MSE: 1.0, d_penalty: 0.0, L: 2, z_dim: 2, bs: 64
| EPOCH |      PLF-JD     |      PLF-FMD    |      PLF-NEW    |      MSE        |
   1   0 0 0.8396477103233337 0.0272466242313385
   10   0 0 0.8321238160133362 0.027628149837255478
Total Training Time: 0.5215041279792786 hours 
