l_NEW: 0.0, l_JD : 0.01, l_FMD: 0.0, l_MSE: 1.0,step: 20, d_penalty: 0.0, L: 2, z_dim: 1-4, bs: 64, dataset: mmnist_4_axis_random_sample_step
| EPOCH |      PLF-JD     |      PLF-FMD    |      PLF-NEW    |      MSE        |
   1   22.806358337402344 0 0 0.052987635135650635
   10   5.663071155548096 0 0 0.022350965067744255
   20   5.758167266845703 0 0 0.02315102517604828
   30   6.011567115783691 0 0 0.022445473819971085
   40   6.405341148376465 0 0 0.0223406832665205
   50   6.133733749389648 0 0 0.022932352498173714
   60   6.302274227142334 0 0 0.022420892491936684
   70   6.408629417419434 0 0 0.022544167935848236
   80   6.430410861968994 0 0 0.02273557148873806
   90   6.285355091094971 0 0 0.022496340796351433
   100   6.175189971923828 0 0 0.023018555715680122
   110   6.380324363708496 0 0 0.022935107350349426
   120   6.476470947265625 0 0 0.022839916869997978
   130   6.743195533752441 0 0 0.022124825045466423
   140   6.7365641593933105 0 0 0.022298000752925873
   150   6.559854984283447 0 0 0.022450780496001244
   160   6.595287322998047 0 0 0.02263570949435234
   170   6.775108337402344 0 0 0.021907692775130272
   180   6.278192520141602 0 0 0.022770632058382034
   190   6.633108615875244 0 0 0.022349709644913673
   200   6.49554443359375 0 0 0.02270713821053505
   210   6.867795467376709 0 0 0.02180059254169464
   220   6.698546409606934 0 0 0.021509187296032906
   230   6.884210109710693 0 0 0.020686935633420944
   240   6.743535995483398 0 0 0.02112264558672905
   250   6.73554801940918 0 0 0.02139352262020111
   260   6.846596717834473 0 0 0.021176934242248535
   270   6.803448677062988 0 0 0.02067791111767292
   280   6.811219692230225 0 0 0.021131590008735657
   290   6.725390911102295 0 0 0.021581701934337616
   300   6.813578128814697 0 0 0.020688774064183235
   310   6.695137977600098 0 0 0.02102590911090374
   320   6.8077898025512695 0 0 0.020797820761799812
   330   6.942894458770752 0 0 0.020536497235298157
   340   6.863684177398682 0 0 0.020691124722361565
   350   6.890873432159424 0 0 0.020061081275343895
   360   6.818914413452148 0 0 0.020190967246890068
   370   6.7778849601745605 0 0 0.02049190178513527
   380   6.727946758270264 0 0 0.020832015201449394
   390   6.6870436668396 0 0 0.020331507548689842
   400   6.832536220550537 0 0 0.020376382395625114
