l_NEW: 0.06, l_JD : 0.0, l_FMD: 0.0, l_MSE: 1.0,step: 15, d_penalty: 0.0, L: 2, z_dim: 1-4, bs: 64
| EPOCH |      PLF-JD     |      PLF-FMD    |      PLF-NEW    |      MSE        |
l_NEW: 0.06, l_JD : 0.0, l_FMD: 0.0, l_MSE: 1.0,step: 15, d_penalty: 0.0, L: 2, z_dim: 1-4, bs: 64
| EPOCH |      PLF-JD     |      PLF-FMD    |      PLF-NEW    |      MSE        |
   1   0 0 2.4253134727478027 0.02076120860874653
   10   0 0 1.6632834672927856 0.02135745994746685
   20   0 0 1.5496537685394287 0.021408967673778534
   30   0 0 1.62822425365448 0.02166835404932499
   40   0 0 1.7378240823745728 0.020537206903100014
   50   0 0 1.7153098583221436 0.020366020500659943
   60   0 0 1.6726787090301514 0.02060304768383503
   70   0 0 1.6224353313446045 0.02038179337978363
   80   0 0 1.5793287754058838 0.02015061490237713
   90   0 0 1.586567759513855 0.020228179171681404
   100   0 0 1.506436824798584 0.020011458545923233
   110   0 0 1.524408221244812 0.020031394436955452
   120   0 0 1.5078630447387695 0.019969306886196136
   130   0 0 1.4449604749679565 0.020074911415576935
   140   0 0 1.4019492864608765 0.020314475521445274
   150   0 0 1.4027143716812134 0.019985124468803406
   160   0 0 1.3785613775253296 0.02026711404323578
   170   0 0 1.3467580080032349 0.019991440698504448
   180   0 0 1.3263174295425415 0.01986868306994438
   190   0 0 1.3136847019195557 0.019917409867048264
   200   0 0 1.2813235521316528 0.01977633312344551
   210   0 0 1.282413125038147 0.020119596272706985
   220   0 0 1.2502480745315552 0.02008129470050335
   230   0 0 1.1967236995697021 0.020098041743040085
   240   0 0 1.1943477392196655 0.01998385414481163
   250   0 0 1.1789952516555786 0.019931748509407043
   260   0 0 1.170645833015442 0.019853919744491577
   270   0 0 1.11659574508667 0.020023249089717865
l_NEW: 0.06, l_JD : 0.0, l_FMD: 0.0, l_MSE: 1.0,step: 15, d_penalty: 0.0, L: 2, z_dim: 1-4, bs: 64
| EPOCH |      PLF-JD     |      PLF-FMD    |      PLF-NEW    |      MSE        |
   1   0 0 1.1906275749206543 0.020111076533794403
   10   0 0 1.0994000434875488 0.02011212147772312
   20   0 0 1.1183390617370605 0.019996004179120064
   30   0 0 1.1023950576782227 0.019983084872364998
   40   0 0 1.0302982330322266 0.019774939864873886
   50   0 0 1.0720412731170654 0.019840244203805923
   60   0 0 1.0475457906723022 0.019765863195061684
   70   0 0 1.0334593057632446 0.019829660654067993
   80   0 0 1.0080525875091553 0.019926320761442184
   90   0 0 1.0128072500228882 0.01962147280573845
   100   0 0 0.9784858822822571 0.019634511321783066
   110   0 0 0.9823516607284546 0.01979972794651985
   120   0 0 0.9588440656661987 0.01964426413178444
   130   0 0 0.9445090889930725 0.019789451733231544
   140   0 0 0.9178130626678467 0.019746065139770508
   150   0 0 0.927907407283783 0.019646216183900833
   160   0 0 0.9155965447425842 0.019723646342754364
   170   0 0 0.9273501038551331 0.01973356492817402
   180   0 0 0.8846790790557861 0.019806288182735443
Total Training Time: 9.934762092232704 hours 
