l_NEW: 0.0, l_JD : 0.02, l_FMD: 0.0, l_MSE: 1.0, d_penalty: 0.0,step:[11, 5], L: 2, z_dim: 1, bs: 64, bit_rate: 2, s_b: False
| EPOCH |      PLF-JD     |      PLF-FMD    |      PLF-NEW    |      MSE        |
   1   2.4022417068481445 0 0 0.027548888698220253
   10   2.1009719371795654 0 0 0.030302220955491066
   20   1.805464267730713 0 0 0.028896411880850792
   30   1.8329519033432007 0 0 0.030604468658566475
   40   1.499549150466919 0 0 0.03129397705197334
   50   1.3755617141723633 0 0 0.031913600862026215
   60   1.3349957466125488 0 0 0.0316600538790226
   70   1.5631870031356812 0 0 0.03177116438746452
   80   1.5109331607818604 0 0 0.031391117721796036
   90   1.4094111919403076 0 0 0.03169002756476402
   100   1.4599511623382568 0 0 0.031721994280815125
   110   1.3260875940322876 0 0 0.03210831433534622
