l_NEW: 0.0, l_JD : 1e-05, l_FMD: 0.0, l_MSE: 1.0, d_penalty: 0.0,step:[24, 6], L: 2, z_dim: 1, bs: 64, bit_rate: 2, s_b: False
| EPOCH |      PLF-JD     |      PLF-FMD    |      PLF-NEW    |      MSE        |
l_NEW: 0.0, l_JD : 1e-05, l_FMD: 0.0, l_MSE: 1.0, d_penalty: 0.0,step:[24, 6], L: 2, z_dim: 1, bs: 64, bit_rate: 2, s_b: False
| EPOCH |      PLF-JD     |      PLF-FMD    |      PLF-NEW    |      MSE        |
   1   0.4440785050392151 0 0 0.0009313461487181485
   1   0.4608255922794342 0 0 0.00098414474632591
   10   0.5911900997161865 0 0 0.0009144069044850767
   20   0.6678305268287659 0 0 0.0008700974867679179
   30   0.6721850633621216 0 0 0.0008726700325496495
   40   0.7055108547210693 0 0 0.0008924267021939158
   50   0.7009847164154053 0 0 0.0008318418986164033
   60   0.728655993938446 0 0 0.000919755024369806
   70   0.7419796586036682 0 0 0.0008646146743558347
   80   0.7148346900939941 0 0 0.0008560988935641944
   90   0.7166768312454224 0 0 0.0008365476969629526
   100   0.7439484596252441 0 0 0.0008184329490177333
   110   0.7247298955917358 0 0 0.0008062217384576797
   120   0.7185461521148682 0 0 0.0007996371714398265
   130   0.7390605807304382 0 0 0.0007709154742769897
   140   0.737379789352417 0 0 0.0007594377384521067
   150   0.725704550743103 0 0 0.0007881637429818511
   160   0.7306034564971924 0 0 0.0007791496464051306
   170   0.7152456641197205 0 0 0.0007372855325229466
   180   0.7358443737030029 0 0 0.0007720115827396512
   190   0.7176361083984375 0 0 0.0007833768031559885
   200   0.7096710205078125 0 0 0.0007634305511601269
   210   0.7276743650436401 0 0 0.0007631665212102234
   220   0.7128440737724304 0 0 0.0007084864191710949
   230   0.7231025099754333 0 0 0.0007050670683383942
   240   0.7100492715835571 0 0 0.0007279051351360977
   250   0.7242441773414612 0 0 0.0007064477540552616
   260   0.7225322723388672 0 0 0.0007038426701910794
   270   0.7154361605644226 0 0 0.0006744913989678025
   280   0.7138973474502563 0 0 0.000718987372238189
   290   0.7293784618377686 0 0 0.0007435808656737208
   300   0.7202773094177246 0 0 0.0007170254248194396
Total Training Time: 7.186352203885714 hours 
