l_NEW: 0.0, l_JD : 0.16, l_FMD: 0.0, l_MSE: 1.0, d_penalty: 0.0,step:20, L: 2, z_dim: 1, bs: 64, bit_rate: 2, s_b: False, dataset:mmnist_4_axis_random_sample_step
| EPOCH |      PLF-JD     |      PLF-FMD    |      PLF-NEW    |      MSE        |
   1   4.546304702758789 0 0 0.03239870071411133
   10   3.910295009613037 0 0 0.033418916165828705
   20   3.321937084197998 0 0 0.03500815108418465
   30   3.24928617477417 0 0 0.034454189240932465
   40   2.9772441387176514 0 0 0.03439253196120262
   50   2.8451268672943115 0 0 0.034731969237327576
   60   2.5480430126190186 0 0 0.03505757823586464
   70   2.53531551361084 0 0 0.03427352011203766
   80   2.5209574699401855 0 0 0.03544766455888748
   90   2.486088514328003 0 0 0.03523196652531624
   100   2.4701836109161377 0 0 0.03463785722851753
   110   2.370676279067993 0 0 0.035418808460235596
   120   2.437500476837158 0 0 0.03573668748140335
   130   2.391157388687134 0 0 0.03664398193359375
   140   2.461641311645508 0 0 0.03634600341320038
   150   2.3457820415496826 0 0 0.035915128886699677
   160   2.389958143234253 0 0 0.03506612777709961
   170   2.269481658935547 0 0 0.03588243946433067
   180   2.2830467224121094 0 0 0.03573562949895859
   190   2.2381019592285156 0 0 0.03536887839436531
   200   2.2151191234588623 0 0 0.035665132105350494
   210   2.1934406757354736 0 0 0.03636356443166733
   220   2.210078239440918 0 0 0.036221764981746674
   230   2.166248083114624 0 0 0.03631591796875
   240   2.1135356426239014 0 0 0.0367133766412735
   250   2.093557834625244 0 0 0.0361841581761837
   260   2.047574996948242 0 0 0.03659045696258545
   270   2.038668632507324 0 0 0.03699834644794464
   280   1.9431320428848267 0 0 0.03648189827799797
   290   2.0217080116271973 0 0 0.03712673857808113
   300   1.9489481449127197 0 0 0.03642654046416283
   310   1.9295488595962524 0 0 0.03720661997795105
   320   1.940228819847107 0 0 0.036814793944358826
   330   1.9262510538101196 0 0 0.03697383031249046
   340   1.8610304594039917 0 0 0.03730831295251846
   350   1.8382819890975952 0 0 0.03751673921942711
   360   1.792086124420166 0 0 0.03739802911877632
   370   1.8102587461471558 0 0 0.037465211004018784
   380   1.7598891258239746 0 0 0.037957366555929184
   390   1.807998776435852 0 0 0.03821266442537308
   400   1.7249832153320312 0 0 0.03765955939888954
   410   1.6765530109405518 0 0 0.03783413767814636
   420   1.684909462928772 0 0 0.03796561434864998
   430   1.6766594648361206 0 0 0.03815662860870361
   440   1.684910774230957 0 0 0.038296714425086975
   450   1.6829779148101807 0 0 0.03788628429174423
   460   1.5739545822143555 0 0 0.03756681829690933
   470   1.5637184381484985 0 0 0.03826097398996353
   480   1.5010794401168823 0 0 0.03800581395626068
   490   1.4660321474075317 0 0 0.03857943043112755
l_NEW: 0.0, l_JD : 0.16, l_FMD: 0.0, l_MSE: 1.0, d_penalty: 0.0,step:20, L: 2, z_dim: 1, bs: 64, bit_rate: 2, s_b: False, dataset:mmnist_4_axis_random_sample_step
| EPOCH |      PLF-JD     |      PLF-FMD    |      PLF-NEW    |      MSE        |
   1   2.8330278396606445 0 0 0.03759901225566864
   10   2.184483051300049 0 0 0.0388324148952961
   20   2.083096981048584 0 0 0.04012056440114975
   30   1.7835569381713867 0 0 0.03922801464796066
   40   1.6954472064971924 0 0 0.04071606323122978
   50   1.6055984497070312 0 0 0.03923197090625763
   60   1.53854238986969 0 0 0.04015142470598221
   70   1.3685038089752197 0 0 0.03946791961789131
   80   1.2457513809204102 0 0 0.040194474160671234
   90   1.1731517314910889 0 0 0.03969293087720871
   100   1.1466121673583984 0 0 0.04030934348702431
   110   1.1121793985366821 0 0 0.03995761275291443
   120   1.012958288192749 0 0 0.0405280739068985
   130   1.0926910638809204 0 0 0.04042217880487442
   140   1.0023003816604614 0 0 0.03975088894367218
   150   0.9217123985290527 0 0 0.04036495089530945
   160   0.9686282277107239 0 0 0.040007397532463074
   170   0.9073074460029602 0 0 0.04067084193229675
   180   0.849471926689148 0 0 0.04027075693011284
   190   0.9145439863204956 0 0 0.040800079703330994
   200   0.9071367383003235 0 0 0.040116362273693085
   210   0.8321090936660767 0 0 0.04050155729055405
   220   0.7815168499946594 0 0 0.04067974537611008
   230   0.7891879677772522 0 0 0.04032057523727417
   240   0.9581064581871033 0 0 0.039583656936883926
   250   0.8341936469078064 0 0 0.040033236145973206
   260   0.7933939099311829 0 0 0.04063764959573746
   270   0.8409807682037354 0 0 0.04039862006902695
   280   0.791248083114624 0 0 0.039971739053726196
   290   0.7598021030426025 0 0 0.03933287411928177
   300   0.9376115798950195 0 0 0.039694495499134064
Total Training Time: 7.147098285754522 hours 
