l_NEW: 0.0, l_JD : 0.0, l_FMD: 0.02, l_MSE: 1.0, d_penalty: 0.0,step:15, L: 2, z_dim: 1, bs: 64, bit_rate: 2, s_b: False
| EPOCH |      PLF-JD     |      PLF-FMD    |      PLF-NEW    |      MSE        |
   1   0 3.9301819801330566 0 0.024804020300507545
   10   0 3.1162002086639404 0 0.026684483513236046
   20   0 2.704127550125122 0 0.027433376759290695
   30   0 2.2556049823760986 0 0.02726631797850132
   40   0 2.165541172027588 0 0.027230313047766685
   50   0 1.9369326829910278 0 0.02769278548657894
   60   0 1.8373671770095825 0 0.02770443819463253
   70   0 1.690093755722046 0 0.027687257155776024
   80   0 1.6293834447860718 0 0.02869986556470394
   90   0 1.6384028196334839 0 0.02804117277264595
   100   0 1.5657693147659302 0 0.028221622109413147
   110   0 1.5445903539657593 0 0.02784860134124756
   120   0 1.4829827547073364 0 0.027960220351815224
   130   0 1.4610645771026611 0 0.028052859008312225
   140   0 1.5056346654891968 0 0.02793344110250473
   150   0 1.3827992677688599 0 0.028087114915251732
   160   0 1.4041579961776733 0 0.02817152999341488
   170   0 1.3450744152069092 0 0.02799099124968052
   180   0 1.369760513305664 0 0.02787856198847294
   190   0 1.2984554767608643 0 0.028406094759702682
   200   0 1.3105401992797852 0 0.028165366500616074
   210   0 1.2944622039794922 0 0.028117850422859192
   220   0 1.283281683921814 0 0.028300361707806587
   230   0 1.2364875078201294 0 0.028351515531539917
   240   0 1.182260274887085 0 0.028261514380574226
   250   0 1.2321453094482422 0 0.028574248775839806
Total Training Time: 10.746129647890728 hours 
l_NEW: 0.0, l_JD : 0.0, l_FMD: 0.02, l_MSE: 1.0, d_penalty: 0.0,step:15, L: 2, z_dim: 1, bs: 64, bit_rate: 2, s_b: False
| EPOCH |      PLF-JD     |      PLF-FMD    |      PLF-NEW    |      MSE        |
