l_NEW: 0.0, l_JD : 0.0, l_FMD: 0.003, l_MSE: 1.0, d_penalty: 0.0, L: 2, z_dim: 4, bs: 64
| EPOCH |      PLF-JD     |      PLF-FMD    |      PLF-NEW    |      MSE        |
   1   0 2.9037485122680664 0 0.01363640371710062
   10   0 2.1402993202209473 0 0.014672040939331055
   20   0 1.9352476596832275 0 0.01516623143106699
   30   0 1.870315432548523 0 0.015286548063158989
   40   0 1.8373737335205078 0 0.01539976242929697
   50   0 1.6549235582351685 0 0.015532424673438072
   60   0 1.691389799118042 0 0.015486720018088818
   70   0 1.76216459274292 0 0.015556802041828632
   80   0 1.6802325248718262 0 0.015475540421903133
   90   0 1.6971396207809448 0 0.015410573221743107
   100   0 1.6823009252548218 0 0.015448314137756824
   110   0 1.6260576248168945 0 0.015513221733272076
   120   0 1.5971907377243042 0 0.015499935485422611
   130   0 1.5973488092422485 0 0.015521827153861523
   140   0 1.6208858489990234 0 0.01554989255964756
   150   0 1.6318228244781494 0 0.015434453263878822
Total Training Time: 7.0557447216245865 hours 
l_NEW: 0.0, l_JD : 0.0, l_FMD: 0.003, l_MSE: 1.0, d_penalty: 0.0, L: 2, z_dim: 4, bs: 64
| EPOCH |      PLF-JD     |      PLF-FMD    |      PLF-NEW    |      MSE        |
   1   0 1.6473689079284668 0 0.015519320033490658
   10   0 1.5207788944244385 0 0.01572609134018421
   20   0 1.5723248720169067 0 0.015752971172332764
   30   0 1.5989596843719482 0 0.015540281310677528
   40   0 1.5091814994812012 0 0.015668470412492752
   50   0 1.5514417886734009 0 0.015587911941111088
   60   0 1.5149321556091309 0 0.015635954216122627
   70   0 1.4940141439437866 0 0.01570533774793148
   80   0 1.457675576210022 0 0.01559983566403389
   90   0 1.474129319190979 0 0.015533161349594593
   100   0 1.4998202323913574 0 0.015490768477320671
   110   0 1.391757845878601 0 0.015769634395837784
   120   0 1.462246298789978 0 0.015659494325518608
   130   0 1.435469150543213 0 0.015631822869181633
   140   0 1.443062424659729 0 0.0156411100178957
   150   0 1.444717526435852 0 0.015729254111647606
Total Training Time: 6.9567278552717635 hours 
