l_NEW: 0.04, l_JD : 0.0, l_FMD: 0.0, l_MSE: 1.0, d_penalty: 0.0, L: 2, z_dim: 2, bs: 64
| EPOCH |      PLF-JD     |      PLF-FMD    |      PLF-NEW    |      MSE        |
   1   0 0 2.3038742542266846 0.023343300446867943
   10   0 0 1.3432146310806274 0.024498097598552704
   20   0 0 1.342890977859497 0.024431632831692696
   30   0 0 1.3400601148605347 0.02441617287695408
   40   0 0 1.305902123451233 0.0249016210436821
   50   0 0 1.2981493473052979 0.024437326937913895
   60   0 0 1.2128223180770874 0.025130892172455788
   70   0 0 1.163629412651062 0.025091538205742836
Total Training Time: 3.463118824760119 hours 
l_NEW: 0.04, l_JD : 0.0, l_FMD: 0.0, l_MSE: 1.0, d_penalty: 0.0, L: 2, z_dim: 2, bs: 64
| EPOCH |      PLF-JD     |      PLF-FMD    |      PLF-NEW    |      MSE        |
   1   0 0 1.214583158493042 0.02493864856660366
   10   0 0 1.1858654022216797 0.024983873590826988
   20   0 0 1.1566252708435059 0.02474483661353588
   30   0 0 1.1591778993606567 0.02505452372133732
   40   0 0 1.0995912551879883 0.024768264964222908
   50   0 0 1.0644103288650513 0.02498866431415081
   60   0 0 1.054832935333252 0.02541831135749817
   70   0 0 1.02082359790802 0.025423549115657806
Total Training Time: 3.460734640094969 hours 
l_NEW: 0.04, l_JD : 0.0, l_FMD: 0.0, l_MSE: 1.0, d_penalty: 0.0, L: 2, z_dim: 2, bs: 64
| EPOCH |      PLF-JD     |      PLF-FMD    |      PLF-NEW    |      MSE        |
   1   0 0 1.0528308153152466 0.025392787531018257
   10   0 0 1.0163494348526 0.024933233857154846
   20   0 0 1.0222558975219727 0.025315256789326668
   30   0 0 0.978769838809967 0.025781871750950813
   40   0 0 0.9421771764755249 0.02558279037475586
   50   0 0 0.9943451881408691 0.024970058351755142
   60   0 0 0.9624627828598022 0.026046166196465492
   70   0 0 0.9347512722015381 0.025313356891274452
Total Training Time: 3.4519737225108678 hours 
l_NEW: 0.04, l_JD : 0.0, l_FMD: 0.0, l_MSE: 1.0, d_penalty: 0.0, L: 2, z_dim: 2, bs: 64
| EPOCH |      PLF-JD     |      PLF-FMD    |      PLF-NEW    |      MSE        |
   1   0 0 0.8998902440071106 0.025452982634305954
   10   0 0 0.9214648604393005 0.02525893785059452
   20   0 0 0.8784662485122681 0.02570943906903267
   30   0 0 0.8708176016807556 0.025527341291308403
   40   0 0 0.8358309268951416 0.02566400170326233
   50   0 0 0.8824942111968994 0.025606662034988403
   60   0 0 0.7992293834686279 0.025541890412569046
   70   0 0 0.8756270408630371 0.025673499330878258
l_NEW: 0.04, l_JD : 0.0, l_FMD: 0.0, l_MSE: 1.0, d_penalty: 0.0, L: 2, z_dim: 2, bs: 64
| EPOCH |      PLF-JD     |      PLF-FMD    |      PLF-NEW    |      MSE        |
   1   0 0 0.8228806853294373 0.025512807071208954
   10   0 0 0.8023653626441956 0.025107748806476593
   20   0 0 0.8513540029525757 0.02525506168603897
Total Training Time: 0.9982245649231805 hours 
