l_NEW: 0.0, l_JD : 0.0, l_FMD: 0.025, l_MSE: 1.0, d_penalty: 0.0, L: 2, z_dim: 1, bs: 64
| EPOCH |      PLF-JD     |      PLF-FMD    |      PLF-NEW    |      MSE        |
   1   0 2.9119350910186768 0 0.022416403517127037
   10   0 1.7008037567138672 0 0.02510678954422474
   20   0 1.3775395154953003 0 0.02471717819571495
   30   0 1.4303642511367798 0 0.024990130215883255
   40   0 1.3121733665466309 0 0.02525915391743183
   50   0 1.2527791261672974 0 0.025253258645534515
   60   0 1.2992535829544067 0 0.025219108909368515
   70   0 1.1837972402572632 0 0.02575436607003212
   80   0 1.0888999700546265 0 0.026173671707510948
   90   0 1.0834823846817017 0 0.025629572570323944
   100   0 1.09242844581604 0 0.025275738909840584
   110   0 1.0234365463256836 0 0.025628436356782913
   120   0 1.0224794149398804 0 0.025516940280795097
   130   0 0.9821901917457581 0 0.025717001408338547
   140   0 0.955136775970459 0 0.025140371173620224
   150   0 0.8982316255569458 0 0.025204967707395554
   160   0 0.9399271607398987 0 0.025288667529821396
   170   0 0.8412284255027771 0 0.025668039917945862
   180   0 0.8508931398391724 0 0.025445982813835144
   190   0 0.8148092031478882 0 0.02523399516940117
   200   0 0.816154956817627 0 0.025215070694684982
   210   0 0.7876425981521606 0 0.02536604553461075
   220   0 0.7862646579742432 0 0.025135649368166924
   230   0 0.7462581992149353 0 0.025675516575574875
   240   0 0.7116034626960754 0 0.025541961193084717
   250   0 0.6921809315681458 0 0.02529270015656948
   260   0 0.7273766994476318 0 0.025628333911299706
   270   0 0.7221853733062744 0 0.02539481408894062
   280   0 0.6785507202148438 0 0.025415778160095215
   290   0 0.677453339099884 0 0.02548816055059433
   300   0 0.6698043346405029 0 0.02489347755908966
Total Training Time: 14.238365645209948 hours 
