l_PN, l_P, l_MSE, d_penalty  0.0 0.0 1.0 0.0
| EPOCH | PLF-JD | PLF-FMD | PLF-NEW | MSE |
1 5.74737024307251 3.1090219020843506 3.135697364807129 0.010444561950862408
10 5.910312652587891 3.1286540031433105 3.119825839996338 0.010445091873407364
20 5.952465057373047 3.2681705951690674 3.172612428665161 0.010385257191956043
30 5.963030815124512 3.055043935775757 3.1499712467193604 0.010451160371303558
40 5.97591495513916 3.114645481109619 3.141414165496826 0.010447068139910698
50 6.076127529144287 3.1169891357421875 3.1975345611572266 0.010389378294348717
60 6.079071521759033 3.100329637527466 3.0761024951934814 0.010372628457844257
70 6.092344760894775 3.145629644393921 3.1952555179595947 0.010421070270240307
80 6.115973949432373 3.047513723373413 3.0194571018218994 0.010470460169017315
Total Training Time: 7.385967372390959 hours 
l_PN, l_P, l_MSE, d_penalty  0.0 0.0 1.0 0.0
| EPOCH | PLF-JD | PLF-FMD | PLF-NEW | MSE |
1 6.137555122375488 3.170661687850952 3.1651558876037598 0.010389814153313637
10 6.048305034637451 3.0388078689575195 3.082056760787964 0.010422543622553349
20 6.107292175292969 3.0273077487945557 3.0746569633483887 0.010377665050327778
30 5.986444473266602 3.0714166164398193 3.125284194946289 0.010425983928143978
40 6.296865463256836 3.114086389541626 3.14292573928833 0.010407509282231331
50 6.156313419342041 3.0502450466156006 3.159785032272339 0.010315272957086563
60 6.196706771850586 3.059664011001587 3.2034401893615723 0.010281527414917946
70 6.2288689613342285 3.1407923698425293 3.1578187942504883 0.010344600304961205
80 6.270310878753662 3.072061061859131 3.1886985301971436 0.010366410948336124
Total Training Time: 7.221970126032829 hours 
