l_NEW: 0.0, l_JD : 0.02, l_FMD: 0.0, l_MSE: 1.0,step: 20, d_penalty: 0.0, L: 2, z_dim: 1-4, bs: 64, dataset: mmnist_4_axis_random_sample_step
| EPOCH |      PLF-JD     |      PLF-FMD    |      PLF-NEW    |      MSE        |
   1   15.611957550048828 0 0 0.04458014667034149
   10   5.739693641662598 0 0 0.02545163594186306
   20   5.8851423263549805 0 0 0.025768017396330833
   30   5.998968601226807 0 0 0.026885034516453743
   40   6.189484596252441 0 0 0.0288830678910017
   50   6.443967819213867 0 0 0.026386963203549385
   60   6.051830291748047 0 0 0.0261587742716074
   70   6.332972049713135 0 0 0.02755548618733883
   80   6.170731544494629 0 0 0.026340555399656296
   90   6.176953315734863 0 0 0.025789456441998482
   100   6.2653069496154785 0 0 0.02676236815750599
   110   6.426878929138184 0 0 0.026290373876690865
   120   6.4178571701049805 0 0 0.026240713894367218
   130   6.371639728546143 0 0 0.026803355664014816
   140   6.3625617027282715 0 0 0.02628655545413494
   150   6.311271667480469 0 0 0.026494566351175308
   160   6.459128379821777 0 0 0.026841064915060997
   170   6.3588337898254395 0 0 0.027161626145243645
   180   6.429048538208008 0 0 0.02648462913930416
   190   6.63234281539917 0 0 0.025453105568885803
   200   6.396705150604248 0 0 0.026420079171657562
   210   6.511851787567139 0 0 0.02714352309703827
   220   6.48211145401001 0 0 0.02613086998462677
   230   6.555276870727539 0 0 0.02591121569275856
   240   6.371333599090576 0 0 0.02668338268995285
   250   6.568628787994385 0 0 0.025858640670776367
   260   6.658364772796631 0 0 0.02497842162847519
   270   6.74147367477417 0 0 0.025941085070371628
   280   6.644525527954102 0 0 0.02686326950788498
   290   6.649727821350098 0 0 0.025924433022737503
   300   6.552438259124756 0 0 0.025806209072470665
   310   6.606375694274902 0 0 0.02541419304907322
   320   6.623257637023926 0 0 0.026038596406579018
   330   6.732455253601074 0 0 0.025630706921219826
   340   6.604280948638916 0 0 0.026048783212900162
   350   6.597909450531006 0 0 0.02569209411740303
   360   6.574682712554932 0 0 0.026255855336785316
   370   6.662306785583496 0 0 0.02552330121397972
   380   6.587789535522461 0 0 0.026677800342440605
   390   6.715372085571289 0 0 0.02534777857363224
   400   6.730478763580322 0 0 0.025604326277971268
