l_NEW: 0.002, l_JD : 0.0, l_FMD: 0.0, l_MSE: 1.0, d_penalty: 0.0, L: 2, z_dim: 1, bs: 64
| EPOCH |      PLF-JD     |      PLF-FMD    |      PLF-NEW    |      MSE        |
   1   0 0 4.412479400634766 0.016694767400622368
   10   0 0 3.6565377712249756 0.017485566437244415
   20   0 0 3.6526036262512207 0.01778041571378708
   30   0 0 3.635831832885742 0.017948176711797714
   40   0 0 3.747025728225708 0.01799768954515457
   50   0 0 3.771461248397827 0.017855536192655563
   60   0 0 3.6968300342559814 0.017920678481459618
   70   0 0 3.5775561332702637 0.017967797815799713
   80   0 0 3.6349315643310547 0.018002565950155258
   90   0 0 3.5502090454101562 0.01814432442188263
   100   0 0 3.512092113494873 0.018031638115644455
   110   0 0 3.652020215988159 0.017932545393705368
   120   0 0 3.568601608276367 0.018163951113820076
   130   0 0 3.4819235801696777 0.018122518435120583
   140   0 0 3.4174280166625977 0.01822628825902939
   150   0 0 3.574103355407715 0.01821739412844181
Total Training Time: 7.527174021071858 hours 
l_NEW: 0.002, l_JD : 0.0, l_FMD: 0.0, l_MSE: 1.0, d_penalty: 0.0, L: 2, z_dim: 1, bs: 64
| EPOCH |      PLF-JD     |      PLF-FMD    |      PLF-NEW    |      MSE        |
   1   0 0 3.5635645389556885 0.0180533304810524
   10   0 0 3.496929168701172 0.017971966415643692
   20   0 0 3.454775810241699 0.0181473009288311
   30   0 0 3.5050759315490723 0.018191244453191757
   40   0 0 3.3196120262145996 0.018129423260688782
   50   0 0 3.5029780864715576 0.018100939691066742
   60   0 0 3.425520896911621 0.01804514229297638
   70   0 0 3.3718035221099854 0.01832655631005764
   80   0 0 3.4155163764953613 0.0182065237313509
   90   0 0 3.385122537612915 0.018162421882152557
   100   0 0 3.2083802223205566 0.01832142472267151
   110   0 0 3.153208017349243 0.018274225294589996
   120   0 0 3.3359084129333496 0.018139826133847237
   130   0 0 3.33585262298584 0.018136026337742805
   140   0 0 3.4693973064422607 0.018163500353693962
   150   0 0 3.445040464401245 0.018131721764802933
Total Training Time: 7.615755673448245 hours 
