l_NEW: 0.0, l_JD : 0.0, l_FMD: 0.08, l_MSE: 1.0, d_penalty: 0.0, L: 2, z_dim: 1, bs: 64
| EPOCH |      PLF-JD     |      PLF-FMD    |      PLF-NEW    |      MSE        |
   1   0 2.3335940837860107 0 0.025733474642038345
   10   0 1.3596941232681274 0 0.026565071195364
   20   0 1.2287243604660034 0 0.026998940855264664
   30   0 1.1607801914215088 0 0.02699631080031395
   40   0 1.0990041494369507 0 0.02678176388144493
   50   0 1.0758458375930786 0 0.027063751593232155
   60   0 0.9881920218467712 0 0.026900622993707657
   70   0 0.9471878409385681 0 0.02748744934797287
   80   0 0.8852614164352417 0 0.027491234242916107
   90   0 0.8417770862579346 0 0.027515007182955742
   100   0 0.8195903897285461 0 0.02713051810860634
   110   0 0.7867686152458191 0 0.02686377801001072
   120   0 0.784847617149353 0 0.027514856308698654
   130   0 0.7551856637001038 0 0.02748989127576351
   140   0 0.734180212020874 0 0.026962416246533394
   150   0 0.7178987264633179 0 0.02713167853653431
   160   0 0.7139788866043091 0 0.02658255770802498
   170   0 0.6974667310714722 0 0.026961246505379677
   180   0 0.6887950897216797 0 0.02680530771613121
   190   0 0.659907341003418 0 0.02660234458744526
   200   0 0.6232621669769287 0 0.02653801441192627
   210   0 0.6376568078994751 0 0.026634924113750458
   220   0 0.632937490940094 0 0.02670404687523842
Total Training Time: 10.727794839011299 hours 
l_NEW: 0.0, l_JD : 0.0, l_FMD: 0.08, l_MSE: 1.0, d_penalty: 0.0, L: 2, z_dim: 1, bs: 64
| EPOCH |      PLF-JD     |      PLF-FMD    |      PLF-NEW    |      MSE        |
   1   0 0.633898913860321 0 0.026793168857693672
   10   0 0.6042253375053406 0 0.026857702061533928
   20   0 0.6280816793441772 0 0.0267495084553957
   30   0 0.6043022871017456 0 0.027043772861361504
   40   0 0.606416642665863 0 0.026526765897870064
   50   0 0.568416178226471 0 0.02710161916911602
   60   0 0.5803705453872681 0 0.027141375467181206
   70   0 0.5564089417457581 0 0.026874952018260956
   80   0 0.5849319696426392 0 0.026408303529024124
Total Training Time: 3.787035576833619 hours 
