l_NEW: 0.0, l_JD : 0.0, l_FMD: 0.04, l_MSE: 1.0, d_penalty: 0.0,step:15, L: 2, z_dim: 1, bs: 64, bit_rate: 2, s_b: False
| EPOCH |      PLF-JD     |      PLF-FMD    |      PLF-NEW    |      MSE        |
   1   0 3.852283477783203 0 0.02562970295548439
   10   0 2.977753162384033 0 0.026839515194296837
   20   0 2.617129325866699 0 0.028443463146686554
   30   0 2.391486167907715 0 0.027966530993580818
   40   0 2.0385921001434326 0 0.029419923201203346
   50   0 1.9225808382034302 0 0.028666425496339798
   60   0 1.8092740774154663 0 0.0291679035872221
   70   0 1.7070554494857788 0 0.02816983498632908
   80   0 1.6929774284362793 0 0.029035037383437157
   90   0 1.6693990230560303 0 0.028944900259375572
   100   0 1.5557118654251099 0 0.029242651537060738
   110   0 1.5733457803726196 0 0.029542017728090286
   120   0 1.5123164653778076 0 0.02942095696926117
   130   0 1.446413516998291 0 0.029597239568829536
   140   0 1.4554898738861084 0 0.029339266940951347
   150   0 1.4159809350967407 0 0.02928406558930874
   160   0 1.41123366355896 0 0.02947598695755005
   170   0 1.3653067350387573 0 0.02980247139930725
   180   0 1.311789631843567 0 0.029723871499300003
   190   0 1.3114722967147827 0 0.02940121665596962
   200   0 1.3116954565048218 0 0.02982117421925068
   210   0 1.3103642463684082 0 0.02942158840596676
   220   0 1.2426644563674927 0 0.029672397300601006
   230   0 1.1975538730621338 0 0.029291367158293724
   240   0 1.2193632125854492 0 0.02969520539045334
   250   0 1.1699556112289429 0 0.029547350481152534
   260   0 1.1903162002563477 0 0.0298126433044672
   270   0 1.161511778831482 0 0.029433833435177803
   280   0 1.1114708185195923 0 0.02966303937137127
