l_NEW: 0.0, l_JD : 0.07, l_FMD: 0.0, l_MSE: 1.0, d_penalty: 0.0,step:[11, 5], L: 2, z_dim: 1, bs: 64, bit_rate: 2, s_b: False
| EPOCH |      PLF-JD     |      PLF-FMD    |      PLF-NEW    |      MSE        |
   1   1.9550120830535889 0 0 0.030503537505865097
   10   2.245466947555542 0 0 0.034658294171094894
   20   1.7918012142181396 0 0 0.03355924040079117
   30   1.7508466243743896 0 0 0.03240865096449852
   40   1.7057204246520996 0 0 0.03262724727392197
   50   1.6417310237884521 0 0 0.03324930742383003
   60   1.4936997890472412 0 0 0.03313535824418068
   70   1.7357960939407349 0 0 0.03334400802850723
   80   1.5826365947723389 0 0 0.03410302475094795
   90   1.4946948289871216 0 0 0.034044601023197174
   100   1.5062626600265503 0 0 0.033435285091400146
   110   1.4335150718688965 0 0 0.0340641550719738
