l_NEW: 0.0, l_JD : 0.0, l_FMD: 0.001, l_MSE: 1.0, d_penalty: 0.0, L: 2, z_dim: 2, bs: 64
| EPOCH |      PLF-JD     |      PLF-FMD    |      PLF-NEW    |      MSE        |
l_NEW: 0.0, l_JD : 0.0, l_FMD: 0.001, l_MSE: 1.0, d_penalty: 0.0, L: 2, z_dim: 2, bs: 64
| EPOCH |      PLF-JD     |      PLF-FMD    |      PLF-NEW    |      MSE        |
   1   0 5.311038494110107 0 0.01371554471552372
   10   0 4.932652950286865 0 0.01387060433626175
   20   0 4.751487731933594 0 0.013925045728683472
   30   0 4.780577659606934 0 0.013926144689321518
   40   0 4.99519157409668 0 0.013924973085522652
   50   0 4.847321510314941 0 0.013983514159917831
   60   0 4.646315574645996 0 0.013936825096607208
   70   0 4.719807147979736 0 0.013993978500366211
   80   0 4.895694255828857 0 0.013885200023651123
   90   0 4.726557731628418 0 0.013987087644636631
   100   0 4.800998210906982 0 0.013923181220889091
   110   0 4.73405647277832 0 0.013976643793284893
   120   0 4.713391304016113 0 0.013987849466502666
   130   0 4.656027793884277 0 0.014082936570048332
   140   0 4.755764007568359 0 0.013994460925459862
   150   0 4.570252895355225 0 0.01403104979544878
   160   0 4.84168815612793 0 0.014064566232264042
   170   0 4.834342002868652 0 0.013997582718729973
   180   0 4.672602653503418 0 0.014074559323489666
   190   0 4.735111713409424 0 0.013946733437478542
   200   0 4.720169544219971 0 0.014011912979185581
   210   0 4.67653226852417 0 0.013938219286501408
   220   0 4.691143035888672 0 0.013973508961498737
   230   0 4.621290683746338 0 0.013960971496999264
   240   0 4.623287677764893 0 0.013944984413683414
   250   0 4.702468395233154 0 0.013934234157204628
   260   0 4.653997421264648 0 0.013914796523749828
   270   0 4.706144332885742 0 0.01396014541387558
   280   0 4.609529972076416 0 0.013896911405026913
   290   0 4.625672340393066 0 0.013943299651145935
   300   0 4.602507591247559 0 0.01394875068217516
Total Training Time: 14.328319862153794 hours 
