l_NEW: 0.0, l_JD : 0.001, l_FMD: 0.0, l_MSE: 1.0, d_penalty: 0.0, L: 2, z_dim: 1, bs: 64
| EPOCH |      PLF-JD     |      PLF-FMD    |      PLF-NEW    |      MSE        |
   1   5.916565418243408 0 0 0.015034149400889874
   10   5.775447368621826 0 0 0.015125127509236336
   20   5.744633674621582 0 0 0.015149414539337158
   30   5.761430740356445 0 0 0.015178347937762737
   40   5.463231086730957 0 0 0.0151844322681427
   50   5.6509785652160645 0 0 0.015173236839473248
   60   5.571986198425293 0 0 0.015141417272388935
   70   5.686079978942871 0 0 0.015220843255519867
   80   5.383678436279297 0 0 0.015267904847860336
   90   5.387304306030273 0 0 0.015256629325449467
   100   5.508029460906982 0 0 0.015285713598132133
   110   5.65751838684082 0 0 0.015219835564494133
   120   5.48892068862915 0 0 0.015250633470714092
   130   5.45198392868042 0 0 0.015219826251268387
   140   5.23224401473999 0 0 0.015296454541385174
   150   5.4411301612854 0 0 0.015222235582768917
Total Training Time: 7.423805380331145 hours 
l_NEW: 0.0, l_JD : 0.001, l_FMD: 0.0, l_MSE: 1.0, d_penalty: 0.0, L: 2, z_dim: 1, bs: 64
| EPOCH |      PLF-JD     |      PLF-FMD    |      PLF-NEW    |      MSE        |
   1   5.675755023956299 0 0 0.015385068021714687
   10   5.581026554107666 0 0 0.015221575275063515
   20   5.504544258117676 0 0 0.015219870954751968
   30   5.386689186096191 0 0 0.015232361853122711
   40   5.314193248748779 0 0 0.015256715007126331
   50   5.396979331970215 0 0 0.015229759737849236
   60   5.469069480895996 0 0 0.01517003495246172
   70   5.537984848022461 0 0 0.015232105739414692
   80   5.433774948120117 0 0 0.01528066024184227
   90   5.431339263916016 0 0 0.015234936960041523
   100   5.641219615936279 0 0 0.015219585970044136
   110   5.449653148651123 0 0 0.015250996686518192
   120   5.485754013061523 0 0 0.015256586484611034
   130   5.409463882446289 0 0 0.015295254997909069
   140   5.601938247680664 0 0 0.015190484002232552
   150   5.518397808074951 0 0 0.01518410537391901
Total Training Time: 7.529224866628647 hours 
