l_NEW: 0.0, l_JD : 0.0, l_FMD: 0.002, l_MSE: 1.0, d_penalty: 0.0, L: 2, z_dim: 2, bs: 64
| EPOCH |      PLF-JD     |      PLF-FMD    |      PLF-NEW    |      MSE        |
l_NEW: 0.0, l_JD : 0.0, l_FMD: 0.002, l_MSE: 1.0, d_penalty: 0.0, L: 2, z_dim: 2, bs: 64
| EPOCH |      PLF-JD     |      PLF-FMD    |      PLF-NEW    |      MSE        |
   1   0 4.188126087188721 0 0.014932963997125626
   10   0 3.336451530456543 0 0.01585245691239834
   20   0 3.1166293621063232 0 0.01613786816596985
   30   0 3.1310274600982666 0 0.016129013150930405
   40   0 2.8784077167510986 0 0.016430063173174858
   50   0 2.991041421890259 0 0.01639399304986
   60   0 2.8787760734558105 0 0.01649065501987934
   70   0 2.8552348613739014 0 0.01662067323923111
   80   0 2.85233736038208 0 0.016558295115828514
   90   0 2.8245744705200195 0 0.01650628261268139
   100   0 2.820594072341919 0 0.016588130965828896
   110   0 2.9728951454162598 0 0.01651299186050892
   120   0 2.7320480346679688 0 0.016654182225465775
   130   0 2.737720489501953 0 0.016471348702907562
   140   0 2.901789903640747 0 0.01667920872569084
   150   0 2.6898860931396484 0 0.01663667894899845
   160   0 2.7857649326324463 0 0.016593942418694496
   170   0 2.7680726051330566 0 0.0166875422000885
   180   0 2.707733154296875 0 0.016652461141347885
   190   0 2.750033140182495 0 0.016686175018548965
   200   0 2.746367931365967 0 0.016837380826473236
   210   0 2.6179039478302 0 0.01685338281095028
   220   0 2.654942512512207 0 0.016722839325666428
   230   0 2.6435511112213135 0 0.016634900122880936
   240   0 2.5660946369171143 0 0.01671028509736061
   250   0 2.59799861907959 0 0.016890784725546837
   260   0 2.694718837738037 0 0.016634533181786537
   270   0 2.6056811809539795 0 0.016826728358864784
   280   0 2.507063150405884 0 0.016781877726316452
   290   0 2.5121777057647705 0 0.016835829243063927
   300   0 2.5050439834594727 0 0.0169430673122406
Total Training Time: 13.864206998546917 hours 
