l_NEW: 0.0, l_JD : 0.03, l_FMD: 0.0, l_MSE: 1.0, d_penalty: 0.0,step:20, L: 2, z_dim: 1, bs: 64, bit_rate: 2, s_b: False, dataset:mmnist_4_axis_random_sample_step
| EPOCH |      PLF-JD     |      PLF-FMD    |      PLF-NEW    |      MSE        |
   1   4.4466776847839355 0 0 0.02904406748712063
   10   3.940406084060669 0 0 0.030534962192177773
   20   3.2793545722961426 0 0 0.03315515071153641
   30   3.1385796070098877 0 0 0.032501015812158585
   40   2.818288564682007 0 0 0.034005291759967804
   50   2.625596046447754 0 0 0.03418927267193794
   60   2.5552194118499756 0 0 0.03443346172571182
   70   2.559272527694702 0 0 0.033509511500597
   80   2.4846959114074707 0 0 0.03354834392666817
   90   2.387305498123169 0 0 0.034324925392866135
   100   2.4446074962615967 0 0 0.03320731967687607
   110   2.430506467819214 0 0 0.03390725702047348
   120   2.4298830032348633 0 0 0.03379303961992264
   130   2.417794704437256 0 0 0.033793456852436066
   140   2.378753900527954 0 0 0.03424624726176262
   150   2.4206206798553467 0 0 0.03372987359762192
   160   2.3462555408477783 0 0 0.034028876572847366
   170   2.2677407264709473 0 0 0.034344304352998734
   180   2.298597812652588 0 0 0.03563550487160683
   190   2.3652169704437256 0 0 0.03622400760650635
   200   2.324492931365967 0 0 0.03564617037773132
   210   2.212088108062744 0 0 0.03655808046460152
   220   2.3095483779907227 0 0 0.03483955189585686
   230   2.345919370651245 0 0 0.03504456952214241
   240   2.2363946437835693 0 0 0.036424994468688965
   250   2.2260894775390625 0 0 0.036563169211149216
   260   2.252542495727539 0 0 0.0367923341691494
   270   2.1562423706054688 0 0 0.037075914442539215
   280   2.068863868713379 0 0 0.03714817389845848
   290   2.0433409214019775 0 0 0.03739331290125847
   300   1.9843803644180298 0 0 0.037620339542627335
   310   1.9568487405776978 0 0 0.037614770233631134
   320   1.9299592971801758 0 0 0.03778265044093132
   330   1.8821941614151 0 0 0.03730281442403793
