l_NEW: 0.04, l_JD : 0.0, l_FMD: 0.0, l_MSE: 1.0,step: 15, d_penalty: 0.0, L: 2, z_dim: 1-4, bs: 64
| EPOCH |      PLF-JD     |      PLF-FMD    |      PLF-NEW    |      MSE        |
l_NEW: 0.04, l_JD : 0.0, l_FMD: 0.0, l_MSE: 1.0,step: 15, d_penalty: 0.0, L: 2, z_dim: 1-4, bs: 64
| EPOCH |      PLF-JD     |      PLF-FMD    |      PLF-NEW    |      MSE        |
   1   0 0 2.4959726333618164 0.01981157436966896
   10   0 0 1.6574902534484863 0.020112095400691032
   20   0 0 1.5584304332733154 0.01993764005601406
   30   0 0 1.65080726146698 0.019787726923823357
   40   0 0 1.6550642251968384 0.02001236006617546
   50   0 0 1.6000988483428955 0.0194656103849411
   60   0 0 1.615294098854065 0.019498338922858238
   70   0 0 1.5327343940734863 0.019325312227010727
   80   0 0 1.4898566007614136 0.01944093033671379
   90   0 0 1.4491233825683594 0.019228268414735794
   100   0 0 1.450076937675476 0.019328759983181953
   110   0 0 1.407687783241272 0.018996402621269226
   120   0 0 1.3696273565292358 0.019003883004188538
   130   0 0 1.4194362163543701 0.018763870000839233
   140   0 0 1.3744890689849854 0.018812667578458786
   150   0 0 1.3519138097763062 0.018650099635124207
   160   0 0 1.324096441268921 0.018993645906448364
   170   0 0 1.2471680641174316 0.018998216837644577
   180   0 0 1.2641490697860718 0.018682729452848434
   190   0 0 1.2411398887634277 0.01886705681681633
   200   0 0 1.2283414602279663 0.018881291151046753
   210   0 0 1.1915630102157593 0.018782522529363632
l_NEW: 0.04, l_JD : 0.0, l_FMD: 0.0, l_MSE: 1.0,step: 15, d_penalty: 0.0, L: 2, z_dim: 1-4, bs: 64
| EPOCH |      PLF-JD     |      PLF-FMD    |      PLF-NEW    |      MSE        |
   1   0 0 1.2139743566513062 0.01910543255507946
   10   0 0 1.2019788026809692 0.018621841445565224
   20   0 0 1.1689367294311523 0.01890241913497448
   30   0 0 1.1567420959472656 0.01901356503367424
   40   0 0 1.0772191286087036 0.018692292273044586
   50   0 0 1.096224308013916 0.018525894731283188
   60   0 0 1.0660529136657715 0.018491625785827637
   70   0 0 1.0643054246902466 0.018381817266345024
   80   0 0 1.0332504510879517 0.018830232322216034
   90   0 0 1.0310488939285278 0.01867103949189186
   100   0 0 1.030674934387207 0.018894728273153305
   110   0 0 1.0321197509765625 0.018816230818629265
   120   0 0 0.9652319550514221 0.018615227192640305
   130   0 0 0.9714691042900085 0.01871183142066002
   140   0 0 0.9537070989608765 0.018590513616800308
   150   0 0 0.9529686570167542 0.018688548356294632
   160   0 0 0.9666311740875244 0.018707843497395515
   170   0 0 0.9032080769538879 0.018527550622820854
   180   0 0 0.9374052286148071 0.0186475683003664
   190   0 0 0.9210872650146484 0.018418345600366592
   200   0 0 0.9131837487220764 0.018520688638091087
l_NEW: 0.04, l_JD : 0.0, l_FMD: 0.0, l_MSE: 1.0,step: 15, d_penalty: 0.0, L: 2, z_dim: 1-4, bs: 64
| EPOCH |      PLF-JD     |      PLF-FMD    |      PLF-NEW    |      MSE        |
   1   0 0 0.8917743563652039 0.01866750419139862
   10   0 0 0.913375973701477 0.01867305487394333
l_NEW: 0.04, l_JD : 0.0, l_FMD: 0.0, l_MSE: 1.0,step: 15, d_penalty: 0.0, L: 2, z_dim: 1-4, bs: 64
| EPOCH |      PLF-JD     |      PLF-FMD    |      PLF-NEW    |      MSE        |
