l_NEW: 0.0, l_JD : 0.0, l_FMD: 0.08, l_MSE: 1.0, d_penalty: 0.0, L: 2, z_dim: 6, bs: 64
| EPOCH |      PLF-JD     |      PLF-FMD    |      PLF-NEW    |      MSE        |
l_NEW: 0.0, l_JD : 0.0, l_FMD: 0.08, l_MSE: 1.0, d_penalty: 0.0, L: 2, z_dim: 6, bs: 64
| EPOCH |      PLF-JD     |      PLF-FMD    |      PLF-NEW    |      MSE        |
   1   0 1.655288815498352 0 0.018129367381334305
l_NEW: 0.0, l_JD : 0.0, l_FMD: 0.08, l_MSE: 1.0, d_penalty: 0.0, L: 2, z_dim: 6, bs: 64
| EPOCH |      PLF-JD     |      PLF-FMD    |      PLF-NEW    |      MSE        |
   1   0 1.5709638595581055 0 0.01737484149634838
   10   0 1.2605080604553223 0 0.0181941706687212
   20   0 1.2319927215576172 0 0.018542258068919182
   30   0 1.2664728164672852 0 0.017980601638555527
   40   0 1.189666509628296 0 0.01812777668237686
   50   0 1.1609702110290527 0 0.018348800018429756
   60   0 1.0819679498672485 0 0.018629254773259163
   70   0 1.0581276416778564 0 0.01852542720735073
   80   0 1.0480784177780151 0 0.018521027639508247
   90   0 1.037324070930481 0 0.018682552501559258
   100   0 0.9831242561340332 0 0.018552564084529877
Total Training Time: 4.75865427143044 hours 
l_NEW: 0.0, l_JD : 0.0, l_FMD: 0.08, l_MSE: 1.0, d_penalty: 0.0, L: 2, z_dim: 6, bs: 64
| EPOCH |      PLF-JD     |      PLF-FMD    |      PLF-NEW    |      MSE        |
   1   0 0.9852685928344727 0 0.018898583948612213
   10   0 0.9833018183708191 0 0.01907442696392536
   20   0 0.933131217956543 0 0.018931923434138298
   30   0 0.9461319446563721 0 0.018977170810103416
   40   0 0.9290869832038879 0 0.018790625035762787
   50   0 0.9017651081085205 0 0.01909370720386505
   60   0 0.8868510723114014 0 0.018970731645822525
   70   0 0.8453704118728638 0 0.019213218241930008
   80   0 0.8561766743659973 0 0.019472254440188408
   90   0 0.8223856687545776 0 0.019246229901909828
   100   0 0.7961927056312561 0 0.01905362866818905
   110   0 0.8110525608062744 0 0.019222931936383247
   120   0 0.7939364314079285 0 0.01943178102374077
   130   0 0.7910166382789612 0 0.019200623035430908
   140   0 0.7862913012504578 0 0.01946042850613594
   150   0 0.8130937814712524 0 0.019041819497942924
Total Training Time: 7.316422217289607 hours 
l_NEW: 0.0, l_JD : 0.0, l_FMD: 0.08, l_MSE: 1.0, d_penalty: 0.0, L: 2, z_dim: 6, bs: 64
| EPOCH |      PLF-JD     |      PLF-FMD    |      PLF-NEW    |      MSE        |
   1   0 0.7893806099891663 0 0.01931421086192131
   10   0 0.7209339737892151 0 0.019901568070054054
   20   0 0.7611644864082336 0 0.01945379376411438
   30   0 0.7653756737709045 0 0.019148964434862137
   40   0 0.7520551681518555 0 0.019314849749207497
   50   0 0.7213200926780701 0 0.019058631733059883
   60   0 0.7449111342430115 0 0.019193599000573158
   70   0 0.719510018825531 0 0.019084829837083817
   80   0 0.7398535013198853 0 0.019176723435521126
   90   0 0.729809045791626 0 0.019444050267338753
   100   0 0.7170339226722717 0 0.01895766705274582
   110   0 0.6974206566810608 0 0.019141454249620438
