l_NEW: 0.0, l_JD : 0.0, l_FMD: 0.003, l_MSE: 1.0, d_penalty: 0.0, L: 2, z_dim: 1, bs: 64
| EPOCH |      PLF-JD     |      PLF-FMD    |      PLF-NEW    |      MSE        |
l_NEW: 0.0, l_JD : 0.0, l_FMD: 0.003, l_MSE: 1.0, d_penalty: 0.0, L: 2, z_dim: 1, bs: 64
| EPOCH |      PLF-JD     |      PLF-FMD    |      PLF-NEW    |      MSE        |
   1   0 3.4563939571380615 0 0.01849721372127533
   10   0 2.552229404449463 0 0.019889183342456818
   20   0 2.189554452896118 0 0.020272821187973022
   30   0 2.1096603870391846 0 0.020598726347088814
   40   0 2.046633720397949 0 0.020723313093185425
   50   0 1.9878729581832886 0 0.020944539457559586
   60   0 1.8977152109146118 0 0.020927581936120987
   70   0 1.8615612983703613 0 0.02102329581975937
   80   0 1.6992071866989136 0 0.021190354600548744
   90   0 1.9125629663467407 0 0.021042970940470695
   100   0 1.8048722743988037 0 0.02125549502670765
   110   0 1.7183924913406372 0 0.021491365507245064
   120   0 1.7186999320983887 0 0.021302103996276855
   130   0 1.7327091693878174 0 0.02131517231464386
   140   0 1.7272473573684692 0 0.02156308852136135
   150   0 1.7741056680679321 0 0.021175295114517212
   160   0 1.728283166885376 0 0.02139449678361416
   170   0 1.6033450365066528 0 0.021478036418557167
   180   0 1.693769097328186 0 0.021564673632383347
   190   0 1.525865912437439 0 0.021768584847450256
   200   0 1.5577828884124756 0 0.021560465916991234
   210   0 1.5843900442123413 0 0.021566109731793404
   220   0 1.4728684425354004 0 0.021763313561677933
   230   0 1.4838486909866333 0 0.02177915908396244
   240   0 1.5093022584915161 0 0.021715983748435974
   250   0 1.4077599048614502 0 0.021855654194951057
Total Training Time: 11.519195787111919 hours 
l_NEW: 0.0, l_JD : 0.0, l_FMD: 0.003, l_MSE: 1.0, d_penalty: 0.0, L: 2, z_dim: 1, bs: 64
| EPOCH |      PLF-JD     |      PLF-FMD    |      PLF-NEW    |      MSE        |
   1   0 1.594110131263733 0 0.021591229364275932
   10   0 1.4592770338058472 0 0.02185041829943657
   20   0 1.470922827720642 0 0.02167879045009613
   30   0 1.4524192810058594 0 0.021842658519744873
   40   0 1.4799107313156128 0 0.02168145962059498
   50   0 1.412773847579956 0 0.021785087883472443
Total Training Time: 2.3549849249919257 hours 
