l_NEW: 0.025, l_JD : 0.0, l_FMD: 0.0, l_MSE: 1.0, d_penalty: 0.0, L: 2, z_dim: 6, bs: 64
| EPOCH |      PLF-JD     |      PLF-FMD    |      PLF-NEW    |      MSE        |
   1   0 0 2.5092179775238037 0.01603727787733078
   10   0 0 1.4656380414962769 0.01672840677201748
   20   0 0 1.3474582433700562 0.016939571127295494
   30   0 0 1.2779743671417236 0.016889145597815514
   40   0 0 1.311806082725525 0.01699555478990078
   50   0 0 1.2102248668670654 0.017037389799952507
   60   0 0 1.2299870252609253 0.017125343903899193
   70   0 0 1.2219477891921997 0.01702425442636013
   80   0 0 1.14864981174469 0.017295148223638535
   90   0 0 1.1479408740997314 0.016943009570240974
   100   0 0 1.158677101135254 0.017268406227231026
   110   0 0 1.1084424257278442 0.017035437747836113
   120   0 0 1.1391013860702515 0.01704922690987587
   130   0 0 1.1042910814285278 0.016953814774751663
   140   0 0 1.091990351676941 0.01693429984152317
   150   0 0 1.0803277492523193 0.016929470002651215
   160   0 0 1.016763687133789 0.017084645107388496
   170   0 0 1.0200142860412598 0.017035657539963722
   180   0 0 0.9986656904220581 0.0170456413179636
   190   0 0 0.9979157447814941 0.017001232132315636
   200   0 0 0.98920738697052 0.0168523620814085
   210   0 0 0.9257992506027222 0.01699052006006241
   220   0 0 0.9714356660842896 0.017124753445386887
   230   0 0 0.9450535774230957 0.017299886792898178
   240   0 0 0.9426419734954834 0.016909589990973473
l_NEW: 0.025, l_JD : 0.0, l_FMD: 0.0, l_MSE: 1.0, d_penalty: 0.0, L: 2, z_dim: 6, bs: 64
| EPOCH |      PLF-JD     |      PLF-FMD    |      PLF-NEW    |      MSE        |
   1   0 0 0.9280579090118408 0.017563965171575546
   10   0 0 0.9141894578933716 0.017341479659080505
   20   0 0 0.9146798253059387 0.017085706815123558
   30   0 0 0.8873831629753113 0.016987627372145653
   40   0 0 0.8504348993301392 0.01713751070201397
   50   0 0 0.8894787430763245 0.017024602741003036
   60   0 0 0.8611071109771729 0.016962777823209763
Total Training Time: 2.9772395443254047 hours 
