l_NEW: 0.0, l_JD : 0.08, l_FMD: 0.0, l_MSE: 1.0, d_penalty: 0.0, L: 2, z_dim: 4, bs: 64
| EPOCH |      PLF-JD     |      PLF-FMD    |      PLF-NEW    |      MSE        |
   1   2.691922664642334 0 0 0.021848110482096672
   10   1.7743605375289917 0 0 0.02444200962781906
   20   1.7333797216415405 0 0 0.02502582222223282
   30   1.5088846683502197 0 0 0.024555377662181854
   40   1.5404821634292603 0 0 0.024668602272868156
   50   1.4897301197052002 0 0 0.024972738698124886
   60   1.4117920398712158 0 0 0.025041785091161728
   70   1.3886080980300903 0 0 0.02450941503047943
   80   1.396903395652771 0 0 0.024594007059931755
   90   1.3959916830062866 0 0 0.024764101952314377
   100   1.321347951889038 0 0 0.024937693029642105
   110   1.2741553783416748 0 0 0.02480347454547882
   120   1.2073718309402466 0 0 0.02481038309633732
   130   1.2776767015457153 0 0 0.02462689019739628
   140   1.2590011358261108 0 0 0.024467313662171364
   150   1.2781602144241333 0 0 0.02439955249428749
Total Training Time: 7.69098094827599 hours 
l_NEW: 0.0, l_JD : 0.08, l_FMD: 0.0, l_MSE: 1.0, d_penalty: 0.0, L: 2, z_dim: 4, bs: 64
| EPOCH |      PLF-JD     |      PLF-FMD    |      PLF-NEW    |      MSE        |
   1   1.272204041481018 0 0 0.024896444752812386
   10   1.2861943244934082 0 0 0.024335863068699837
   20   1.2660398483276367 0 0 0.0245717391371727
   30   1.2394131422042847 0 0 0.024611881002783775
   40   1.2418993711471558 0 0 0.024464434012770653
   50   1.2439985275268555 0 0 0.024415910243988037
   60   1.1800833940505981 0 0 0.02439579926431179
   70   1.2105251550674438 0 0 0.024385370314121246
   80   1.2278469800949097 0 0 0.024330297484993935
   90   1.2020996809005737 0 0 0.024287518113851547
   100   1.2206145524978638 0 0 0.024446286261081696
   110   1.213882327079773 0 0 0.024432484060525894
   120   1.192124605178833 0 0 0.0245444867759943
   130   1.160474181175232 0 0 0.024511180818080902
   140   1.2248319387435913 0 0 0.02410135418176651
   150   1.1770129203796387 0 0 0.024411631748080254
Total Training Time: 7.4582236629724505 hours 
