l_NEW: 0.0, l_JD : 0.01, l_FMD: 0.0, l_MSE: 1.0, d_penalty: 0.0,step:15, L: 2, z_dim: 1, bs: 64, bit_rate: 2, s_b: False
| EPOCH |      PLF-JD     |      PLF-FMD    |      PLF-NEW    |      MSE        |
   1   4.182539463043213 0 0 0.02363392524421215
   10   3.7323877811431885 0 0 0.024603232741355896
   20   3.2917838096618652 0 0 0.02525586634874344
   30   2.9378345012664795 0 0 0.026053674519062042
   40   2.7386507987976074 0 0 0.02613944187760353
   50   2.479628086090088 0 0 0.02621069923043251
   60   2.411250114440918 0 0 0.026646198704838753
   70   2.272387742996216 0 0 0.02693076618015766
   80   2.2259624004364014 0 0 0.0269622765481472
   90   2.243952989578247 0 0 0.027125485241413116
   100   2.2331130504608154 0 0 0.026769131422042847
   110   2.1677393913269043 0 0 0.0268544964492321
   120   2.1940698623657227 0 0 0.02716478705406189
   130   2.2047033309936523 0 0 0.026990525424480438
   140   2.151063919067383 0 0 0.027344446629285812
   150   2.147258758544922 0 0 0.027370287105441093
Total Training Time: 6.72582516392072 hours 
l_NEW: 0.0, l_JD : 0.01, l_FMD: 0.0, l_MSE: 1.0, d_penalty: 0.0,step:15, L: 2, z_dim: 1, bs: 64, bit_rate: 2, s_b: False
| EPOCH |      PLF-JD     |      PLF-FMD    |      PLF-NEW    |      MSE        |
   1   2.2402870655059814 0 0 0.027163280174136162
   10   2.20989990234375 0 0 0.027125725522637367
   20   2.1341662406921387 0 0 0.027376612648367882
   30   2.104646921157837 0 0 0.027132568880915642
   40   2.106964349746704 0 0 0.026937469840049744
   50   2.052845001220703 0 0 0.027525369077920914
   60   2.0609405040740967 0 0 0.027636049315333366
   70   2.0095560550689697 0 0 0.027644719928503036
   80   1.9706674814224243 0 0 0.027647346258163452
   90   1.9265064001083374 0 0 0.02753441035747528
   100   1.9549808502197266 0 0 0.02732660062611103
   110   1.9380416870117188 0 0 0.027358243241906166
   120   1.9303175210952759 0 0 0.02737894281744957
   130   1.918739676475525 0 0 0.027062056586146355
   140   1.7975717782974243 0 0 0.02809937112033367
   150   1.811982274055481 0 0 0.02755351923406124
Total Training Time: 6.639143441120783 hours 
l_NEW: 0.0, l_JD : 0.01, l_FMD: 0.0, l_MSE: 1.0, d_penalty: 0.0,step:15, L: 2, z_dim: 1, bs: 64, bit_rate: 2, s_b: False
| EPOCH |      PLF-JD     |      PLF-FMD    |      PLF-NEW    |      MSE        |
   1   1.8661425113677979 0 0 0.02752494066953659
   10   1.9020968675613403 0 0 0.027308790013194084
   20   1.8198474645614624 0 0 0.02744195982813835
   30   1.7579971551895142 0 0 0.02740727923810482
   40   1.7079038619995117 0 0 0.027559615671634674
   50   1.69040846824646 0 0 0.027778323739767075
   60   1.7092515230178833 0 0 0.027429187670350075
   70   1.6279492378234863 0 0 0.027484307065606117
   80   1.6388444900512695 0 0 0.02775868959724903
   90   1.620908498764038 0 0 0.027468577027320862
   100   1.6114721298217773 0 0 0.027063390240073204
   110   1.4861981868743896 0 0 0.027757922187447548
   120   1.515499234199524 0 0 0.027491522952914238
   130   1.5295021533966064 0 0 0.027364687994122505
   140   1.4774956703186035 0 0 0.027667326852679253
   150   1.436018466949463 0 0 0.027717916294932365
Total Training Time: 6.761639077928331 hours 
