l_NEW: 0.0, l_JD : 0.04, l_FMD: 0.0, l_MSE: 1.0,step: 20, d_penalty: 0.0, L: 2, z_dim: 1-4, bs: 64, dataset: mmnist_4_axis_random_sample_step
| EPOCH |      PLF-JD     |      PLF-FMD    |      PLF-NEW    |      MSE        |
   1   11.202937126159668 0 0 0.026851970702409744
   10   5.332157135009766 0 0 0.027304017916321754
   20   5.881804466247559 0 0 0.025688812136650085
   30   6.080564498901367 0 0 0.02825038880109787
   40   5.898525238037109 0 0 0.028824610635638237
   50   5.997111797332764 0 0 0.02797127328813076
   60   6.282744407653809 0 0 0.027800999581813812
   70   5.892712593078613 0 0 0.030331453308463097
   80   6.132578372955322 0 0 0.028842631727457047
   90   6.188783168792725 0 0 0.02817584201693535
   100   6.345355987548828 0 0 0.02781962789595127
   110   6.333328723907471 0 0 0.02858634665608406
   120   6.221920967102051 0 0 0.029510989785194397
   130   6.1775007247924805 0 0 0.02901494689285755
   140   6.288088321685791 0 0 0.02889666147530079
   150   6.337575912475586 0 0 0.02978171966969967
   160   6.296638011932373 0 0 0.028141137212514877
   170   6.267189025878906 0 0 0.02833462320268154
   180   6.41336727142334 0 0 0.027779947966337204
   190   6.45655632019043 0 0 0.02814343385398388
   200   6.260683536529541 0 0 0.029432125389575958
   210   6.422740936279297 0 0 0.02815934456884861
   220   6.369752407073975 0 0 0.02806590497493744
   230   6.330590724945068 0 0 0.028375517576932907
   240   6.316657543182373 0 0 0.028436481952667236
   250   6.4564995765686035 0 0 0.02835508994758129
   260   6.516203880310059 0 0 0.027823280543088913
   270   6.479806423187256 0 0 0.028366250917315483
   280   6.52064847946167 0 0 0.029337706044316292
   290   6.629626274108887 0 0 0.02772156149148941
   300   6.582584381103516 0 0 0.028065074235200882
   310   6.549673080444336 0 0 0.028484296053647995
   320   6.589747428894043 0 0 0.02733096107840538
   330   6.624905586242676 0 0 0.027632832527160645
   340   6.627689838409424 0 0 0.026881197467446327
   350   6.646726608276367 0 0 0.02764885313808918
   360   6.622183799743652 0 0 0.027607636526226997
   370   6.569076061248779 0 0 0.026621567085385323
   380   6.618465423583984 0 0 0.02779548242688179
   390   6.680241107940674 0 0 0.027940625324845314
