l_PN, l_P, l_MSE, d_penalty  0.0 0.0 1.0 0.0
| EPOCH | PLF-JD | PLF-FMD | PLF-NEW | MSE |
1 5.634613513946533 1.3645412921905518 1.5406209230422974 0.013758383691310883
10 5.783286094665527 1.3118739128112793 1.4997808933258057 0.01393162366002798
20 5.674062252044678 1.2508195638656616 1.4999608993530273 0.013836135156452656
30 5.722748279571533 1.2806437015533447 1.4443011283874512 0.013895582407712936
40 5.805390357971191 1.2440564632415771 1.5180413722991943 0.014005385339260101
50 5.765550136566162 1.1928832530975342 1.4372084140777588 0.014049353078007698
60 5.732363700866699 1.2308191061019897 1.475372314453125 0.013935329392552376
70 5.670319080352783 1.1737099885940552 1.4186251163482666 0.01392296701669693
80 5.79539155960083 1.195252537727356 1.4640798568725586 0.013803629204630852
Total Training Time: 7.242332586513625 hours 
l_PN, l_P, l_MSE, d_penalty  0.0 0.0 1.0 0.0
| EPOCH | PLF-JD | PLF-FMD | PLF-NEW | MSE |
1 5.68151330947876 1.2242528200149536 1.4728087186813354 0.013974977657198906
10 5.904607772827148 1.2205744981765747 1.486505150794983 0.013942409306764603
20 5.777769088745117 1.206572413444519 1.4893990755081177 0.013784530572593212
30 5.802870750427246 1.143471360206604 1.4776275157928467 0.013991647399961948
40 5.895692825317383 1.1271624565124512 1.4368772506713867 0.013932094909250736
50 5.930845737457275 1.1426522731781006 1.4333897829055786 0.013753674924373627
60 5.917817115783691 1.1304774284362793 1.4502408504486084 0.013894024305045605
70 5.977130889892578 1.1429075002670288 1.4477901458740234 0.013789841905236244
80 6.044765472412109 1.081078290939331 1.4163368940353394 0.01381594967097044
Total Training Time: 7.346529371473524 hours 
