l_NEW: 0.0, l_JD : 0.01, l_FMD: 0.0, l_MSE: 1.0, d_penalty: 0.0, L: 2, z_dim: 4, bs: 64
| EPOCH |      PLF-JD     |      PLF-FMD    |      PLF-NEW    |      MSE        |
   1   2.9323863983154297 0 0 0.01785072684288025
   10   2.02885365486145 0 0 0.02005576714873314
   20   1.7977601289749146 0 0 0.0211186483502388
   30   1.7128350734710693 0 0 0.021475959569215775
   40   1.7129377126693726 0 0 0.02136867679655552
   50   1.5723164081573486 0 0 0.021595804020762444
   60   1.5883419513702393 0 0 0.021384423598647118
   70   1.5127664804458618 0 0 0.021727874875068665
   80   1.534759521484375 0 0 0.021651513874530792
   90   1.5039777755737305 0 0 0.0216043870896101
   100   1.5380905866622925 0 0 0.02109890803694725
   110   1.4622652530670166 0 0 0.02135113999247551
   120   1.4656811952590942 0 0 0.02142711915075779
   130   1.4073522090911865 0 0 0.02162710390985012
   140   1.4424364566802979 0 0 0.021408066153526306
   150   1.4387749433517456 0 0 0.0213822852820158
Total Training Time: 7.32795872926712 hours 
l_NEW: 0.0, l_JD : 0.01, l_FMD: 0.0, l_MSE: 1.0, d_penalty: 0.0, L: 2, z_dim: 4, bs: 64
| EPOCH |      PLF-JD     |      PLF-FMD    |      PLF-NEW    |      MSE        |
   1   1.3947932720184326 0 0 0.021433206275105476
   10   1.3711304664611816 0 0 0.02175215631723404
   20   1.4336975812911987 0 0 0.021543242037296295
   30   1.3921715021133423 0 0 0.021621055901050568
   40   1.3574727773666382 0 0 0.02156742475926876
   50   1.4100757837295532 0 0 0.02119741030037403
   60   1.3947316408157349 0 0 0.021354496479034424
   70   1.389978051185608 0 0 0.02133786864578724
   80   1.3496840000152588 0 0 0.021542716771364212
   90   1.343383550643921 0 0 0.021480849012732506
   100   1.3927403688430786 0 0 0.021304970607161522
   110   1.3819589614868164 0 0 0.02122674509882927
   120   1.3461644649505615 0 0 0.021689455956220627
   130   1.381917953491211 0 0 0.021328529343008995
   140   1.3695273399353027 0 0 0.021303562447428703
   150   1.4053336381912231 0 0 0.021020498126745224
Total Training Time: 7.672637192408244 hours 
