l_NEW: 0.0, l_JD : 0.0, l_FMD: 0.04, l_MSE: 1.0, d_penalty: 0.0, L: 2, z_dim: 1, bs: 64
| EPOCH |      PLF-JD     |      PLF-FMD    |      PLF-NEW    |      MSE        |
   1   0 2.4582772254943848 0 0.024236775934696198
   10   0 1.405327320098877 0 0.026252059265971184
   20   0 1.174704909324646 0 0.02621339075267315
   30   0 1.1407352685928345 0 0.026008281856775284
   40   0 1.093780755996704 0 0.025801457464694977
   50   0 0.9544408321380615 0 0.025837669149041176
   60   0 0.9483416080474854 0 0.025657838210463524
   70   0 0.899983823299408 0 0.026010096073150635
   80   0 0.8503496646881104 0 0.025825487449765205
   90   0 0.8130998015403748 0 0.02583928219974041
   100   0 0.7301059365272522 0 0.026071595028042793
   110   0 0.756903350353241 0 0.026182837784290314
   120   0 0.7540460228919983 0 0.025572780519723892
   130   0 0.7344590425491333 0 0.025958877056837082
   140   0 0.68836909532547 0 0.02613772079348564
   150   0 0.7234681844711304 0 0.025922195985913277
   160   0 0.7042121887207031 0 0.025838810950517654
   170   0 0.6811972856521606 0 0.025672126561403275
   180   0 0.6831657886505127 0 0.025547446683049202
   190   0 0.6861755847930908 0 0.025833314284682274
   200   0 0.6577156186103821 0 0.025778181850910187
   210   0 0.6211780309677124 0 0.02554141916334629
   220   0 0.6537185311317444 0 0.025681277737021446
Total Training Time: 10.219898442228635 hours 
l_NEW: 0.0, l_JD : 0.0, l_FMD: 0.04, l_MSE: 1.0, d_penalty: 0.0, L: 2, z_dim: 1, bs: 64
| EPOCH |      PLF-JD     |      PLF-FMD    |      PLF-NEW    |      MSE        |
   1   0 0.6859567761421204 0 0.025318985804915428
   10   0 0.6474292278289795 0 0.02578549273312092
   20   0 0.6075747013092041 0 0.02626894600689411
   30   0 0.6229466795921326 0 0.025790218263864517
   40   0 0.6114731431007385 0 0.02581300213932991
   50   0 0.594901978969574 0 0.02564302086830139
   60   0 0.6044032573699951 0 0.025591833516955376
   70   0 0.5748344659805298 0 0.02547227032482624
   80   0 0.580612301826477 0 0.025687862187623978
Total Training Time: 3.922607695327865 hours 
