l_NEW: 0.0, l_JD : 0.18, l_FMD: 0.0, l_MSE: 1.0, d_penalty: 0.0,step:20, L: 2, z_dim: 1, bs: 64, bit_rate: 2, s_b: False, dataset:mmnist_4_axis_random_sample_step
| EPOCH |      PLF-JD     |      PLF-FMD    |      PLF-NEW    |      MSE        |
   1   4.4601640701293945 0 0 0.03187964856624603
   10   3.7938296794891357 0 0 0.03287734091281891
   20   3.436220169067383 0 0 0.032581210136413574
   30   3.068464756011963 0 0 0.0333549939095974
   40   2.940711259841919 0 0 0.03468354418873787
   50   2.874966621398926 0 0 0.03530978411436081
   60   2.6596689224243164 0 0 0.035245947539806366
   70   2.468183755874634 0 0 0.036767106503248215
   80   2.466311454772949 0 0 0.03559437394142151
   90   2.4836254119873047 0 0 0.034457992762327194
   100   2.4324958324432373 0 0 0.03528936207294464
   110   2.4027791023254395 0 0 0.035465266555547714
   120   2.409586191177368 0 0 0.036178309470415115
   130   2.3994946479797363 0 0 0.0361441969871521
   140   2.357719898223877 0 0 0.03641344979405403
   150   2.4566383361816406 0 0 0.03619520738720894
   160   2.438401222229004 0 0 0.03565066307783127
   170   2.3924062252044678 0 0 0.03565194830298424
   180   2.3511931896209717 0 0 0.035344257950782776
   190   2.452495574951172 0 0 0.035366740077733994
   200   2.2954065799713135 0 0 0.03617453947663307
   210   2.3490395545959473 0 0 0.035813961178064346
   220   2.3387610912323 0 0 0.035597000271081924
   230   2.344339370727539 0 0 0.03542475402355194
   240   2.353447437286377 0 0 0.03575475513935089
   250   2.3242862224578857 0 0 0.035908885300159454
   260   2.287813425064087 0 0 0.03529457002878189
   270   2.301301956176758 0 0 0.03516003116965294
   280   2.322044849395752 0 0 0.03509476035833359
   290   2.2270524501800537 0 0 0.035429563373327255
   300   2.243882417678833 0 0 0.035531941801309586
   310   2.208033800125122 0 0 0.035615138709545135
   320   2.1825079917907715 0 0 0.03591340407729149
   330   2.1930251121520996 0 0 0.034932881593704224
   340   2.1970410346984863 0 0 0.03557517006993294
   350   2.1252827644348145 0 0 0.03538432717323303
   360   2.1044068336486816 0 0 0.03620009124279022
   370   1.9931162595748901 0 0 0.03584466874599457
   380   2.0696394443511963 0 0 0.036318566650152206
   390   1.9178828001022339 0 0 0.03692437335848808
   400   1.9249523878097534 0 0 0.03599211201071739
   410   1.9665753841400146 0 0 0.03734812140464783
   420   1.9124841690063477 0 0 0.03702555224299431
   430   1.9127686023712158 0 0 0.03742868825793266
   440   1.8492615222930908 0 0 0.036533236503601074
   450   1.8534972667694092 0 0 0.03689390793442726
   460   1.7523715496063232 0 0 0.03728196769952774
   470   1.7706012725830078 0 0 0.03689685836434364
   480   1.7700778245925903 0 0 0.037625543773174286
   490   1.7048338651657104 0 0 0.03744218498468399
l_NEW: 0.0, l_JD : 0.18, l_FMD: 0.0, l_MSE: 1.0, d_penalty: 0.0,step:20, L: 2, z_dim: 1, bs: 64, bit_rate: 2, s_b: False, dataset:mmnist_4_axis_random_sample_step
| EPOCH |      PLF-JD     |      PLF-FMD    |      PLF-NEW    |      MSE        |
   1   4.200267791748047 0 0 0.03602910041809082
   10   2.836110830307007 0 0 0.03746611624956131
   20   2.46496844291687 0 0 0.03861388936638832
   30   2.1654064655303955 0 0 0.03867090865969658
   40   1.8752530813217163 0 0 0.037629712373018265
   50   1.84461510181427 0 0 0.03928903862833977
   60   1.580466866493225 0 0 0.0407104454934597
   70   1.3836816549301147 0 0 0.04034207761287689
   80   1.2278238534927368 0 0 0.040038686245679855
   90   1.1401656866073608 0 0 0.039522934705019
   100   1.2133814096450806 0 0 0.040093354880809784
   110   1.0252331495285034 0 0 0.040483150631189346
   120   1.1467535495758057 0 0 0.0397634357213974
   130   1.036794662475586 0 0 0.040354348719120026
   140   0.9449127912521362 0 0 0.039655543863773346
   150   1.0017573833465576 0 0 0.04090942069888115
   160   0.8600087761878967 0 0 0.040708158165216446
   170   0.798909604549408 0 0 0.041031014174222946
   180   0.8139621019363403 0 0 0.04041950777173042
   190   0.7514058351516724 0 0 0.03996845334768295
   200   0.7179796099662781 0 0 0.03943458944559097
   210   0.7316559553146362 0 0 0.04007522761821747
   220   0.7427741885185242 0 0 0.04045005887746811
   230   0.7149108648300171 0 0 0.039932169020175934
   240   0.7208063006401062 0 0 0.04013443738222122
   250   0.6707966923713684 0 0 0.03957108408212662
   260   0.7039653062820435 0 0 0.039948705583810806
   270   0.7013200521469116 0 0 0.03978024050593376
   280   0.6361490488052368 0 0 0.03958086669445038
   290   0.6276997327804565 0 0 0.04032735526561737
   300   0.638618528842926 0 0 0.0399889312684536
Total Training Time: 7.193262961705526 hours 
