l_NEW: 0.0, l_JD : 0.04, l_FMD: 0.0, l_MSE: 1.0, d_penalty: 0.0,step:[11, 5], L: 2, z_dim: 1, bs: 64, bit_rate: 2, s_b: False
| EPOCH |      PLF-JD     |      PLF-FMD    |      PLF-NEW    |      MSE        |
   1   2.299274444580078 0 0 0.029300477355718613
   10   2.16056489944458 0 0 0.030570896342396736
   20   1.737122654914856 0 0 0.03270025923848152
   30   1.5456849336624146 0 0 0.03324627876281738
   40   1.3601704835891724 0 0 0.03359327092766762
   50   1.2767183780670166 0 0 0.03255467116832733
   60   1.3228446245193481 0 0 0.03307424485683441
   70   1.2071013450622559 0 0 0.032721877098083496
   80   1.2397844791412354 0 0 0.03158075362443924
   90   1.3377649784088135 0 0 0.03281068801879883
   100   1.312404751777649 0 0 0.03150801733136177
   110   1.3807075023651123 0 0 0.03291795030236244
   120   1.190951943397522 0 0 0.03220846876502037
   130   1.238235354423523 0 0 0.03235844150185585
   140   1.255742073059082 0 0 0.0323866605758667
   150   1.2206281423568726 0 0 0.03202586621046066
   160   1.2406550645828247 0 0 0.03204759955406189
   170   1.225813627243042 0 0 0.03226562961935997
   180   1.2437500953674316 0 0 0.032739125192165375
   190   1.2311620712280273 0 0 0.03145817294716835
   200   1.5668331384658813 0 0 0.032469719648361206
   210   1.2079887390136719 0 0 0.032260868698358536
   220   1.2482808828353882 0 0 0.032367609441280365
   230   1.193130612373352 0 0 0.03232550621032715
   240   1.17742121219635 0 0 0.03242633864283562
   250   1.1795536279678345 0 0 0.032599203288555145
   260   1.1999694108963013 0 0 0.03160291537642479
   270   1.1636608839035034 0 0 0.03265777975320816
   280   1.1937071084976196 0 0 0.032978564500808716
   290   1.2038099765777588 0 0 0.032848816365003586
   300   1.249395489692688 0 0 0.03284790739417076
Total Training Time: 7.21740743762917 hours 
l_NEW: 0.0, l_JD : 0.04, l_FMD: 0.0, l_MSE: 1.0, d_penalty: 0.0,step:[11, 5], L: 2, z_dim: 1, bs: 64, bit_rate: 2, s_b: False
| EPOCH |      PLF-JD     |      PLF-FMD    |      PLF-NEW    |      MSE        |
   1   -0.0037518697790801525 0 0 0.030606500804424286
   10   0.2232116460800171 0 0 0.031079938635230064
   20   0.2943460941314697 0 0 0.03189381584525108
   30   0.4484008550643921 0 0 0.03281494975090027
   40   0.5448938608169556 0 0 0.03345432132482529
   50   0.49541527032852173 0 0 0.03365493565797806
   60   0.6388829350471497 0 0 0.03193315491080284
   70   0.6098558306694031 0 0 0.0325789675116539
   80   0.6492854356765747 0 0 0.03336372599005699
   90   0.6567978262901306 0 0 0.03304065391421318
   100   0.6370013356208801 0 0 0.035253774374723434
   110   0.6987999081611633 0 0 0.031541742384433746
   120   0.703428328037262 0 0 0.03349245712161064
   130   0.7840368747711182 0 0 0.03326663374900818
   140   0.7916600704193115 0 0 0.03286128491163254
   150   0.8954834342002869 0 0 0.03302987292408943
Total Training Time: 3.9478017668591607 hours 
