l_NEW: 0.0, l_JD : 0.0, l_FMD: 0.008, l_MSE: 1.0, d_penalty: 0.0, L: 2, z_dim: 1, bs: 64
| EPOCH |      PLF-JD     |      PLF-FMD    |      PLF-NEW    |      MSE        |
   1   0 2.5430283546447754 0 0.021734289824962616
   10   0 1.4349100589752197 0 0.023289941251277924
   20   0 1.3911594152450562 0 0.0231961440294981
   30   0 1.2315295934677124 0 0.023763222619891167
   40   0 1.254442811012268 0 0.02338496223092079
   50   0 1.1074482202529907 0 0.023606032133102417
   60   0 1.0342633724212646 0 0.02375360205769539
   70   0 1.0248057842254639 0 0.02373363822698593
   80   0 0.9840529561042786 0 0.02387726493179798
   90   0 0.867210865020752 0 0.02438235655426979
   100   0 0.9848061800003052 0 0.023849911987781525
   110   0 0.900621235370636 0 0.023777049034833908
   120   0 0.9052610397338867 0 0.023962458595633507
   130   0 0.921707034111023 0 0.023798653855919838
   140   0 0.8832778334617615 0 0.023973306640982628
   150   0 0.8344771862030029 0 0.023932956159114838
   160   0 0.8494071364402771 0 0.023905331268906593
   170   0 0.8252953290939331 0 0.02393326163291931
   180   0 0.7495088577270508 0 0.024238504469394684
   190   0 0.8784779906272888 0 0.023597493767738342
   200   0 0.7734675407409668 0 0.024311648681759834
   210   0 0.7683042287826538 0 0.024074099957942963
   220   0 0.8142318725585938 0 0.024061787873506546
Total Training Time: 10.347016683353319 hours 
l_NEW: 0.0, l_JD : 0.0, l_FMD: 0.008, l_MSE: 1.0, d_penalty: 0.0, L: 2, z_dim: 1, bs: 64
| EPOCH |      PLF-JD     |      PLF-FMD    |      PLF-NEW    |      MSE        |
   1   0 0.8068004846572876 0 0.024150721728801727
   10   0 0.795468270778656 0 0.024120774120092392
   20   0 0.8065963983535767 0 0.02410123683512211
   30   0 0.7628964781761169 0 0.024223854765295982
   40   0 0.7757072448730469 0 0.02406853251159191
   50   0 0.7769591808319092 0 0.02394317463040352
   60   0 0.7852223515510559 0 0.023838024586439133
   70   0 0.7906448841094971 0 0.023855289444327354
   80   0 0.7213728427886963 0 0.023928331211209297
Total Training Time: 3.9239257709185282 hours 
