l_NEW: 0.0, l_JD : 0.001, l_FMD: 0.0, l_MSE: 1.0, d_penalty: 0.0,step:[24, 6], L: 2, z_dim: 1, bs: 64, bit_rate: 2, s_b: False
| EPOCH |      PLF-JD     |      PLF-FMD    |      PLF-NEW    |      MSE        |
   1   0.05801025778055191 0 0 0.0009778793901205063
   10   0.4103010892868042 0 0 0.0009594510775059462
   20   0.46823617815971375 0 0 0.0010085230460390449
   30   0.4959465563297272 0 0 0.00095825718017295
   40   0.520973265171051 0 0 0.000907217909116298
   50   0.5225203037261963 0 0 0.0009256686316803098
   60   0.5235344171524048 0 0 0.0009737423388287425
   70   0.5377180576324463 0 0 0.0009071266977116466
   80   0.5389469265937805 0 0 0.0009404058218933642
   90   0.554267168045044 0 0 0.0008842171519063413
   100   0.5285702347755432 0 0 0.00086993194418028
   110   0.5255678296089172 0 0 0.0008786171674728394
   120   0.5174233317375183 0 0 0.0008506951271556318
   130   0.5332256555557251 0 0 0.0010008127428591251
   140   0.5160309076309204 0 0 0.0008588996715843678
   150   0.5131292343139648 0 0 0.000818056461866945
   160   0.5121597051620483 0 0 0.0008268340025097132
   170   0.49257969856262207 0 0 0.0009099414455704391
   180   0.5050916075706482 0 0 0.0008550951024517417
   190   0.4910338222980499 0 0 0.0008167794439941645
   200   0.5033272504806519 0 0 0.0007632512715645134
   210   0.5151647925376892 0 0 0.0009987391531467438
   220   0.4802831709384918 0 0 0.0008078161044977605
   230   0.4848116338253021 0 0 0.0007555845659226179
   240   0.47557446360588074 0 0 0.0008390204748138785
   250   0.49092093110084534 0 0 0.000769377569667995
   260   0.4778288006782532 0 0 0.0007692964863963425
   270   0.4652508795261383 0 0 0.0007309162756428123
   280   0.47247886657714844 0 0 0.0007389906095340848
   290   0.4631543457508087 0 0 0.0007194053614512086
   300   0.4624681770801544 0 0 0.0007155644125305116
Total Training Time: 7.207728463080194 hours 
