l_PN, l_P, l_MSE, d_penalty  0.0 0.0 1.0 0.0
| EPOCH | PLF-JD | PLF-FMD | PLF-NEW | MSE |
1 5.74737024307251 3.1090219020843506 3.135697364807129 0.010444561950862408
10 5.910312652587891 3.1286540031433105 3.119825839996338 0.010445091873407364
20 5.952465057373047 3.2681705951690674 3.172612428665161 0.010385257191956043
30 5.963030815124512 3.055043935775757 3.1499712467193604 0.010451160371303558
40 5.97591495513916 3.114645481109619 3.141414165496826 0.010447068139910698
50 6.076127529144287 3.1169891357421875 3.1975345611572266 0.010389378294348717
60 6.079071521759033 3.100329637527466 3.0761024951934814 0.010372628457844257
70 6.092344760894775 3.145629644393921 3.1952555179595947 0.010421070270240307
80 6.115973949432373 3.047513723373413 3.0194571018218994 0.010470460169017315
Total Training Time: 7.385967372390959 hours 
l_PN, l_P, l_MSE, d_penalty  0.0 0.0 1.0 0.0
| EPOCH | PLF-JD | PLF-FMD | PLF-NEW | MSE |
1 6.137555122375488 3.170661687850952 3.1651558876037598 0.010389814153313637
10 6.048305034637451 3.0388078689575195 3.082056760787964 0.010422543622553349
20 6.107292175292969 3.0273077487945557 3.0746569633483887 0.010377665050327778
30 5.986444473266602 3.0714166164398193 3.125284194946289 0.010425983928143978
40 6.296865463256836 3.114086389541626 3.14292573928833 0.010407509282231331
50 6.156313419342041 3.0502450466156006 3.159785032272339 0.010315272957086563
60 6.196706771850586 3.059664011001587 3.2034401893615723 0.010281527414917946
70 6.2288689613342285 3.1407923698425293 3.1578187942504883 0.010344600304961205
80 6.270310878753662 3.072061061859131 3.1886985301971436 0.010366410948336124
Total Training Time: 7.221970126032829 hours 
l_PN, l_P, l_MSE, d_penalty  0.0 0.0 1.0 0.0
| EPOCH | PLF-JD | PLF-FMD | PLF-NEW | MSE |
1 6.133324146270752 3.005086660385132 3.156320810317993 0.01043909415602684
10 6.153590202331543 3.0610153675079346 3.1542203426361084 0.010309272445738316
20 6.209036827087402 3.0193986892700195 3.1185882091522217 0.01037063729017973
30 6.220466136932373 2.9874722957611084 3.0710341930389404 0.010365594178438187
40 6.194370269775391 2.9837348461151123 3.091740846633911 0.010337168350815773
50 6.210554122924805 3.1078622341156006 3.2012932300567627 0.010317948646843433
60 6.279150009155273 3.0230185985565186 3.077709913253784 0.010342879220843315
70 6.319706439971924 3.0870449542999268 3.1436023712158203 0.010297010652720928
80 6.229179382324219 3.145061492919922 3.059903144836426 0.010302027687430382
Total Training Time: 7.278614515662193 hours 
l_NEW: 0.0, l_JD : 0.0, l_FMD: 0.001, l_MSE: 1.0, d_penalty: 0.0, L: 2, z_dim: 6, bs: 64
| EPOCH |      PLF-JD     |      PLF-FMD    |      PLF-NEW    |      MSE        |
   1   0 3.5031533241271973 0 0.010218985378742218
   10   0 3.277116537094116 0 0.0103376479819417
   20   0 3.23626446723938 0 0.010435981675982475
   30   0 3.106093406677246 0 0.010439523495733738
   40   0 3.1443753242492676 0 0.010438955388963223
