l_NEW: 0.0, l_JD : 0.0, l_FMD: 0.008, l_MSE: 1.0, d_penalty: 0.0, L: 2, z_dim: 8, bs: 64
| EPOCH |      PLF-JD     |      PLF-FMD    |      PLF-NEW    |      MSE        |
   1   0 1.4551141262054443 0 0.011901787482202053
   10   0 1.1844916343688965 0 0.012359301559627056
   20   0 1.1388542652130127 0 0.012449100613594055
   30   0 1.125442385673523 0 0.012413633987307549
   40   0 1.0093214511871338 0 0.01267993450164795
   50   0 1.1123239994049072 0 0.012218222953379154
   60   0 1.1182219982147217 0 0.012266485951840878
   70   0 1.057234287261963 0 0.012438398785889149
   80   0 1.084852695465088 0 0.012370539829134941
   90   0 1.0132317543029785 0 0.012337028980255127
   100   0 1.0226210355758667 0 0.012394377030432224
   110   0 1.0069670677185059 0 0.012315923348069191
   120   0 0.9909767508506775 0 0.012258927337825298
   130   0 0.979958176612854 0 0.012365670874714851
   140   0 1.007073998451233 0 0.0122787244617939
   150   0 0.9810594320297241 0 0.012269342318177223
   160   0 0.9490432739257812 0 0.012348080985248089
   170   0 0.934342622756958 0 0.012325262650847435
   180   0 0.9592033624649048 0 0.012386967428028584
   190   0 0.9304514527320862 0 0.012406792491674423
   200   0 0.8893617391586304 0 0.012452979572117329
   210   0 0.8922531604766846 0 0.01231196615844965
   220   0 0.8920430541038513 0 0.01238690409809351
   230   0 0.9318452477455139 0 0.012260016985237598
   240   0 0.8823671340942383 0 0.012276867404580116
   250   0 0.910855770111084 0 0.01217152364552021
Total Training Time: 11.61625556005372 hours 
l_NEW: 0.0, l_JD : 0.0, l_FMD: 0.008, l_MSE: 1.0, d_penalty: 0.0, L: 2, z_dim: 8, bs: 64
| EPOCH |      PLF-JD     |      PLF-FMD    |      PLF-NEW    |      MSE        |
   1   0 0.9324257969856262 0 0.01218921784311533
   10   0 0.8592560291290283 0 0.012232419103384018
   20   0 0.8670232892036438 0 0.012212421745061874
   30   0 0.8447057604789734 0 0.012140835635364056
   40   0 0.8271771669387817 0 0.012402476742863655
   50   0 0.852934718132019 0 0.012174003757536411
Total Training Time: 2.331871806912952 hours 
