l_NEW: 0.0, l_JD : 0.003, l_FMD: 0.0, l_MSE: 1.0, d_penalty: 0.0, L: 2, z_dim: 1, bs: 64
| EPOCH |      PLF-JD     |      PLF-FMD    |      PLF-NEW    |      MSE        |
   1   3.780733585357666 0 0 0.018217111006379128
   10   2.9638779163360596 0 0 0.019579831510782242
   20   2.9100654125213623 0 0 0.019778840243816376
   30   2.8995611667633057 0 0 0.01993069052696228
   40   2.8061821460723877 0 0 0.02012855000793934
   50   2.951329231262207 0 0 0.020252330228686333
   60   2.7471299171447754 0 0 0.020313385874032974
   70   2.7298450469970703 0 0 0.020295705646276474
   80   2.719165802001953 0 0 0.020357614383101463
   90   2.746105194091797 0 0 0.020383810624480247
   100   2.843827962875366 0 0 0.020128441974520683
   110   2.664602518081665 0 0 0.02044762298464775
   120   2.64192795753479 0 0 0.020489055663347244
   130   2.6740870475769043 0 0 0.020637089386582375
   140   2.582467794418335 0 0 0.020578423514962196
   150   2.6331911087036133 0 0 0.020548835396766663
Total Training Time: 7.426336224344041 hours 
l_NEW: 0.0, l_JD : 0.003, l_FMD: 0.0, l_MSE: 1.0, d_penalty: 0.0, L: 2, z_dim: 1, bs: 64
| EPOCH |      PLF-JD     |      PLF-FMD    |      PLF-NEW    |      MSE        |
   1   2.647207260131836 0 0 0.020646793767809868
   10   2.658311367034912 0 0 0.020528415217995644
   20   2.6863784790039062 0 0 0.020552195608615875
   30   2.7035651206970215 0 0 0.020479334518313408
   40   2.52476167678833 0 0 0.020718993619084358
   50   2.5883357524871826 0 0 0.02052336186170578
   60   2.5832271575927734 0 0 0.020448723807930946
   70   2.4738707542419434 0 0 0.020789822563529015
   80   2.3891146183013916 0 0 0.020855283364653587
   90   2.5390005111694336 0 0 0.020690396428108215
   100   2.5118391513824463 0 0 0.020713994279503822
   110   2.492652416229248 0 0 0.020711328834295273
   120   2.564528703689575 0 0 0.020819030702114105
   130   2.4017953872680664 0 0 0.02074095420539379
   140   2.3900163173675537 0 0 0.020707285031676292
   150   2.4058492183685303 0 0 0.020773442462086678
Total Training Time: 7.38069928156005 hours 
