l_NEW: 0.0, l_JD : 0.02, l_FMD: 0.0, l_MSE: 1.0, d_penalty: 0.0,step:20, L: 2, z_dim: 1, bs: 64, bit_rate: 2, s_b: False, dataset:mmnist_4_axis_random_sample_step
| EPOCH |      PLF-JD     |      PLF-FMD    |      PLF-NEW    |      MSE        |
   1   4.390493392944336 0 0 0.028507256880402565
   10   4.133821964263916 0 0 0.029302172362804413
   20   3.2926888465881348 0 0 0.030870575457811356
   30   3.0818605422973633 0 0 0.03135296329855919
   40   2.841165781021118 0 0 0.03174024447798729
   50   2.7530298233032227 0 0 0.03106462024152279
   60   2.5916154384613037 0 0 0.03195876255631447
   70   2.4254119396209717 0 0 0.031514208763837814
   80   2.3996636867523193 0 0 0.03217863291501999
   90   2.3090391159057617 0 0 0.03169805556535721
   100   2.412400960922241 0 0 0.032061755657196045
   110   2.453336238861084 0 0 0.03371572494506836
   120   2.389153003692627 0 0 0.03260333091020584
   130   2.3860065937042236 0 0 0.03269241005182266
   140   2.4182755947113037 0 0 0.0325884111225605
   150   2.3313539028167725 0 0 0.033492181450128555
   160   2.44602632522583 0 0 0.03264926001429558
   170   2.4880073070526123 0 0 0.03245920687913895
   180   2.4434151649475098 0 0 0.03240765631198883
   190   2.3782949447631836 0 0 0.03324171528220177
   200   2.293471574783325 0 0 0.03279566392302513
   210   2.290529727935791 0 0 0.03318904712796211
   220   2.1827704906463623 0 0 0.033815205097198486
   230   2.3364369869232178 0 0 0.03355250135064125
   240   2.3330800533294678 0 0 0.03422102332115173
   250   2.24385666847229 0 0 0.03396172821521759
   260   2.206503391265869 0 0 0.03440115600824356
   270   2.183358669281006 0 0 0.034839630126953125
   280   2.1349265575408936 0 0 0.03508849814534187
   290   2.045133113861084 0 0 0.03492411598563194
   300   2.0959784984588623 0 0 0.03478454053401947
   310   2.0422401428222656 0 0 0.03520302474498749
   320   2.0315451622009277 0 0 0.034434717148542404
   330   2.024566173553467 0 0 0.03456469252705574
