l_NEW: 0.0, l_JD : 0.07, l_FMD: 0.0, l_MSE: 1.0, d_penalty: 0.0,step:15, L: 2, z_dim: 1, bs: 64, bit_rate: 2, s_b: False
| EPOCH |      PLF-JD     |      PLF-FMD    |      PLF-NEW    |      MSE        |
   1   4.043058395385742 0 0 0.026148458942770958
   10   3.4893712997436523 0 0 0.02792748622596264
   20   3.1345553398132324 0 0 0.027944399043917656
   30   2.909759044647217 0 0 0.028730589896440506
   40   2.7282052040100098 0 0 0.02884402871131897
   50   2.46164870262146 0 0 0.029531773179769516
   60   2.301342010498047 0 0 0.030082739889621735
   70   2.3227548599243164 0 0 0.028965909034013748
   80   2.2395191192626953 0 0 0.029584646224975586
   90   2.3471686840057373 0 0 0.030960850417613983
   100   2.422248125076294 0 0 0.03062368743121624
   110   2.4566335678100586 0 0 0.030029399320483208
   120   2.453395366668701 0 0 0.029772760346531868
   130   2.4583303928375244 0 0 0.030647803097963333
   140   2.437746524810791 0 0 0.030500514432787895
   150   2.5046958923339844 0 0 0.02920755371451378
Total Training Time: 6.448438286781311 hours 
l_NEW: 0.0, l_JD : 0.07, l_FMD: 0.0, l_MSE: 1.0, d_penalty: 0.0,step:15, L: 2, z_dim: 1, bs: 64, bit_rate: 2, s_b: False
| EPOCH |      PLF-JD     |      PLF-FMD    |      PLF-NEW    |      MSE        |
   1   2.4996497631073 0 0 0.029700180515646935
   10   2.51275372505188 0 0 0.029707634821534157
   20   2.4204037189483643 0 0 0.0296342633664608
   30   2.3962204456329346 0 0 0.029885968193411827
   40   2.4388082027435303 0 0 0.02956673875451088
   50   2.4194159507751465 0 0 0.02936607226729393
   60   2.3408260345458984 0 0 0.029485883191227913
   70   2.3148486614227295 0 0 0.029898755252361298
   80   2.2637109756469727 0 0 0.029685676097869873
   90   2.189112901687622 0 0 0.029590101912617683
   100   2.2272469997406006 0 0 0.03000115603208542
   110   2.1505050659179688 0 0 0.029342208057641983
   120   2.1494321823120117 0 0 0.030012400820851326
   130   2.052084445953369 0 0 0.029997538775205612
   140   2.075265645980835 0 0 0.029483001679182053
   150   2.0238046646118164 0 0 0.02959223836660385
Total Training Time: 6.691176941394806 hours 
l_NEW: 0.0, l_JD : 0.07, l_FMD: 0.0, l_MSE: 1.0, d_penalty: 0.0,step:15, L: 2, z_dim: 1, bs: 64, bit_rate: 2, s_b: False
| EPOCH |      PLF-JD     |      PLF-FMD    |      PLF-NEW    |      MSE        |
   1   2.0600764751434326 0 0 0.029400993138551712
   10   1.9978656768798828 0 0 0.029911285266280174
   20   1.9957276582717896 0 0 0.030156325548887253
   30   1.9153825044631958 0 0 0.02999080903828144
   40   1.8480570316314697 0 0 0.02986414171755314
   50   1.8451871871948242 0 0 0.030166173353791237
   60   1.8035639524459839 0 0 0.03025374747812748
   70   1.7748113870620728 0 0 0.030492553487420082
   80   1.7292087078094482 0 0 0.02955472469329834
   90   1.6789470911026 0 0 0.03054000250995159
   100   1.6722465753555298 0 0 0.03045588545501232
   110   1.6114108562469482 0 0 0.02990754134953022
   120   1.5945138931274414 0 0 0.03036687709391117
   130   1.5495481491088867 0 0 0.03051494061946869
   140   1.544378399848938 0 0 0.03184644505381584
   150   1.5992649793624878 0 0 0.03203783184289932
Total Training Time: 6.635331673622131 hours 
