l_NEW: 0.0, l_JD : 0.06, l_FMD: 0.0, l_MSE: 1.0, d_penalty: 0.0,step:20, L: 2, z_dim: 1, bs: 64, bit_rate: 2, s_b: False, dataset:mmnist_4_axis_random_sample_step
| EPOCH |      PLF-JD     |      PLF-FMD    |      PLF-NEW    |      MSE        |
   1   4.556270122528076 0 0 0.03012039326131344
   10   3.854952096939087 0 0 0.03225259855389595
   20   3.457900047302246 0 0 0.03187298774719238
   30   3.1846394538879395 0 0 0.033817507326602936
   40   2.8136026859283447 0 0 0.03495602682232857
   50   2.6889262199401855 0 0 0.035765912383794785
   60   2.5724520683288574 0 0 0.035914383828639984
   70   2.4976983070373535 0 0 0.03637387603521347
   80   2.4156737327575684 0 0 0.035567279905080795
   90   2.3811519145965576 0 0 0.034971486777067184
   100   2.3915205001831055 0 0 0.03428114578127861
   110   2.435960292816162 0 0 0.03551381453871727
   120   2.423909902572632 0 0 0.034762050956487656
   130   2.440786600112915 0 0 0.03521587327122688
   140   2.370445489883423 0 0 0.034590281546115875
   150   2.4917280673980713 0 0 0.034695256501436234
   160   2.415447950363159 0 0 0.03560110926628113
   170   2.3455820083618164 0 0 0.035032618790864944
   180   2.3026463985443115 0 0 0.035876546055078506
   190   2.2537479400634766 0 0 0.03562604635953903
   200   2.2591516971588135 0 0 0.035558465868234634
   210   2.1640989780426025 0 0 0.03617560490965843
   220   2.242548942565918 0 0 0.036434680223464966
   230   2.1900546550750732 0 0 0.036135483533144
   240   2.2358415126800537 0 0 0.036920953541994095
   250   2.145874500274658 0 0 0.03587053343653679
   260   2.106128454208374 0 0 0.03699176013469696
   270   2.113391160964966 0 0 0.03652903437614441
   280   2.092707633972168 0 0 0.03660574555397034
   290   2.051191568374634 0 0 0.036435678601264954
   300   2.0856878757476807 0 0 0.036172546446323395
   310   1.9786969423294067 0 0 0.037195611745119095
   320   2.0484910011291504 0 0 0.03718418627977371
   330   1.929216980934143 0 0 0.03749379143118858
l_NEW: 0.0, l_JD : 0.06, l_FMD: 0.0, l_MSE: 1.0, d_penalty: 0.0,step:20, L: 2, z_dim: 1, bs: 64, bit_rate: 2, s_b: False, dataset:mmnist_4_axis_random_sample_step
| EPOCH |      PLF-JD     |      PLF-FMD    |      PLF-NEW    |      MSE        |
   1   1.9475687742233276 0 0 0.03693752363324165
   10   1.9801446199417114 0 0 0.03639264032244682
   20   1.8942515850067139 0 0 0.03653428703546524
   30   1.9352558851242065 0 0 0.03710854798555374
   40   1.8811149597167969 0 0 0.037013567984104156
   50   1.830234408378601 0 0 0.036742374300956726
   60   1.8229399919509888 0 0 0.03647713363170624
   70   1.7786784172058105 0 0 0.037320464849472046
   80   1.7717599868774414 0 0 0.03657439351081848
   90   1.707320213317871 0 0 0.03716275095939636
   100   1.7079949378967285 0 0 0.03594662994146347
   110   1.7276573181152344 0 0 0.03664114698767662
   120   1.6314517259597778 0 0 0.03737873211503029
   130   1.5986568927764893 0 0 0.03757307305932045
   140   1.6741176843643188 0 0 0.037222716957330704
   150   1.5843087434768677 0 0 0.03744770959019661
   160   1.5924708843231201 0 0 0.03745036572217941
   170   1.5636553764343262 0 0 0.03765716403722763
   180   1.5686050653457642 0 0 0.03730137273669243
   190   1.54090416431427 0 0 0.037418533116579056
   200   1.5396308898925781 0 0 0.03694107383489609
   210   1.4628154039382935 0 0 0.03776843473315239
   220   1.5044234991073608 0 0 0.03865659609436989
   230   1.496610403060913 0 0 0.03860526904463768
   240   1.4284045696258545 0 0 0.038279496133327484
   250   1.4080601930618286 0 0 0.03882255777716637
   260   1.4365057945251465 0 0 0.038410551846027374
   270   1.404922366142273 0 0 0.038052912801504135
   280   1.3918218612670898 0 0 0.0380060151219368
   290   1.376575231552124 0 0 0.03814989700913429
   300   1.359041690826416 0 0 0.038392324000597
Total Training Time: 7.156585951778624 hours 
