l_NEW: 0.0, l_JD : 0.003, l_FMD: 0.0, l_MSE: 1.0, d_penalty: 0.0, L: 2, z_dim: 4, bs: 64
| EPOCH |      PLF-JD     |      PLF-FMD    |      PLF-NEW    |      MSE        |
   1   4.062768936157227 0 0 0.01350121758878231
   10   3.3477041721343994 0 0 0.014968009665608406
   20   3.2022600173950195 0 0 0.015277101658284664
   30   3.1073830127716064 0 0 0.01572561450302601
   40   2.99182391166687 0 0 0.015875546261668205
   50   2.967022180557251 0 0 0.01597682572901249
   60   2.93506121635437 0 0 0.016161613166332245
   70   2.9112699031829834 0 0 0.016313694417476654
   80   2.876009941101074 0 0 0.016346747055649757
   90   2.809319019317627 0 0 0.01643892005085945
   100   2.805982828140259 0 0 0.016368454322218895
   110   2.799086093902588 0 0 0.016501005738973618
   120   2.6617119312286377 0 0 0.016641516238451004
   130   2.6732420921325684 0 0 0.016766123473644257
   140   2.6799111366271973 0 0 0.016659650951623917
   150   2.5667502880096436 0 0 0.01680254563689232
Total Training Time: 7.298685630957285 hours 
l_NEW: 0.0, l_JD : 0.003, l_FMD: 0.0, l_MSE: 1.0, d_penalty: 0.0, L: 2, z_dim: 4, bs: 64
| EPOCH |      PLF-JD     |      PLF-FMD    |      PLF-NEW    |      MSE        |
   1   2.696617364883423 0 0 0.016651425510644913
