l_NEW: 0.0, l_JD : 0.0, l_FMD: 0.0, l_MSE: 1.0,step: 15, d_penalty: 0.0, L: 2, z_dim: 1-4, bs: 64
| EPOCH |      PLF-JD     |      PLF-FMD    |      PLF-NEW    |      MSE        |
   1   9.22811222076416 9.278242111206055 9.123542785644531 0.017237229272723198
   10   8.823699951171875 9.01220417022705 8.826478958129883 0.01413011085242033
   20   7.912416458129883 8.09593677520752 8.146587371826172 0.012928656302392483
   30   7.265918254852295 7.459153652191162 7.220570087432861 0.012252909131348133
   40   6.638645172119141 6.681862831115723 6.458583831787109 0.011730579659342766
   50   6.6206841468811035 6.553364276885986 6.501673221588135 0.011270972900092602
   60   6.294145107269287 6.257335186004639 6.275004863739014 0.010934573598206043
   70   5.902987957000732 5.910879135131836 5.932763576507568 0.010719135403633118
   80   5.884205341339111 5.9652323722839355 5.887134075164795 0.01051835436373949
Total Training Time: 11.278685710363918 hours 
