l_NEW: 0.0, l_JD : 0.01, l_FMD: 0.0, l_MSE: 1.0, d_penalty: 0.0, L: 2, z_dim: 8, bs: 64
| EPOCH |      PLF-JD     |      PLF-FMD    |      PLF-NEW    |      MSE        |
l_NEW: 0.0, l_JD : 0.01, l_FMD: 0.0, l_MSE: 1.0, d_penalty: 0.0, L: 2, z_dim: 8, bs: 64
| EPOCH |      PLF-JD     |      PLF-FMD    |      PLF-NEW    |      MSE        |
   1   3.237795114517212 0 0 0.01480632834136486
   10   2.1158370971679688 0 0 0.019221873953938484
   20   1.9257545471191406 0 0 0.019836440682411194
   30   1.887955904006958 0 0 0.020039454102516174
   40   1.808262586593628 0 0 0.020217368379235268
   50   1.7884955406188965 0 0 0.020301425829529762
   60   1.6780049800872803 0 0 0.020297780632972717
   70   1.6913357973098755 0 0 0.020205779001116753
   80   1.6305458545684814 0 0 0.020301377400755882
   90   1.5755047798156738 0 0 0.020426765084266663
   100   1.51789128780365 0 0 0.020616065710783005
   110   1.5566705465316772 0 0 0.020206760615110397
   120   1.5218403339385986 0 0 0.02037658728659153
   130   1.4427459239959717 0 0 0.020480602979660034
   140   1.4967008829116821 0 0 0.02035689353942871
   150   1.45175039768219 0 0 0.0204749908298254
   160   1.4726673364639282 0 0 0.020307177677750587
   170   1.454260230064392 0 0 0.02037096582353115
   180   1.4919184446334839 0 0 0.02033090777695179
   190   1.4009251594543457 0 0 0.02045982889831066
   200   1.403661847114563 0 0 0.020281629636883736
   210   1.3882341384887695 0 0 0.020453138276934624
   220   1.4097384214401245 0 0 0.020351199433207512
   230   1.3873459100723267 0 0 0.020194385200738907
   240   1.3413749933242798 0 0 0.020235540345311165
l_NEW: 0.0, l_JD : 0.01, l_FMD: 0.0, l_MSE: 1.0, d_penalty: 0.0, L: 2, z_dim: 8, bs: 64
| EPOCH |      PLF-JD     |      PLF-FMD    |      PLF-NEW    |      MSE        |
   1   1.3431835174560547 0 0 0.020142212510108948
   10   1.3861967325210571 0 0 0.020031871274113655
   20   1.3487550020217896 0 0 0.02016626112163067
   30   1.3752665519714355 0 0 0.020062390714883804
   40   1.3637644052505493 0 0 0.020035335794091225
   50   1.4280296564102173 0 0 0.02000146359205246
   60   1.3286960124969482 0 0 0.02008087933063507
Total Training Time: 2.8878868860006333 hours 
