l_NEW: 0.0, l_JD : 0.06, l_FMD: 0.0, l_MSE: 1.0, d_penalty: 0.0,step:[11, 5], L: 2, z_dim: 1, bs: 64, bit_rate: 2, s_b: False
| EPOCH |      PLF-JD     |      PLF-FMD    |      PLF-NEW    |      MSE        |
   1   2.23227858543396 0 0 0.029024465009570122
   10   2.0489001274108887 0 0 0.031688790768384933
   20   1.723604440689087 0 0 0.03274598345160484
   30   1.6090126037597656 0 0 0.032549791038036346
   40   1.5149286985397339 0 0 0.03465310484170914
   50   1.3933366537094116 0 0 0.03300422802567482
   60   1.3818150758743286 0 0 0.034844186156988144
   70   1.3371095657348633 0 0 0.03443371132016182
   80   1.3883907794952393 0 0 0.03435923159122467
   90   1.3734760284423828 0 0 0.03394629806280136
   100   1.2753502130508423 0 0 0.03423929959535599
   110   1.342847228050232 0 0 0.03387444093823433
   120   1.3650926351547241 0 0 0.03332183137536049
   130   1.3038713932037354 0 0 0.0335751548409462
   140   1.3485186100006104 0 0 0.03360448777675629
   150   1.3703736066818237 0 0 0.033554330468177795
   160   1.2649143934249878 0 0 0.033711593598127365
   170   1.2416635751724243 0 0 0.03305346891283989
   180   1.3120499849319458 0 0 0.033092349767684937
   190   1.2363255023956299 0 0 0.033314842730760574
   200   1.3793200254440308 0 0 0.03363274782896042
   210   1.3824840784072876 0 0 0.0345100574195385
   220   1.28383207321167 0 0 0.034503500908613205
   230   1.1657769680023193 0 0 0.034232303500175476
   240   1.3843697309494019 0 0 0.03372514620423317
   250   1.3609449863433838 0 0 0.034184325486421585
   260   1.5728650093078613 0 0 0.03461204841732979
   270   1.4415180683135986 0 0 0.03551860153675079
   280   1.2638037204742432 0 0 0.03476930409669876
   290   1.2238048315048218 0 0 0.033666860312223434
   300   1.1813580989837646 0 0 0.033816833049058914
Total Training Time: 7.216653606626722 hours 
l_NEW: 0.0, l_JD : 0.06, l_FMD: 0.0, l_MSE: 1.0, d_penalty: 0.0,step:[11, 5], L: 2, z_dim: 1, bs: 64, bit_rate: 2, s_b: False
| EPOCH |      PLF-JD     |      PLF-FMD    |      PLF-NEW    |      MSE        |
   1   0.13464349508285522 0 0 0.03289502486586571
   10   0.2440056949853897 0 0 0.032182566821575165
   20   0.3653131425380707 0 0 0.03296242281794548
   30   0.3898622989654541 0 0 0.0342167429625988
   40   0.4507054090499878 0 0 0.0345488004386425
   50   0.47493776679039 0 0 0.034355126321315765
   60   0.4853666126728058 0 0 0.034370098263025284
   70   0.5626199841499329 0 0 0.03471147269010544
   80   0.6011766791343689 0 0 0.03480284661054611
   90   0.6088641881942749 0 0 0.035116493701934814
   100   0.72483229637146 0 0 0.03353255242109299
   110   0.6537566781044006 0 0 0.034747712314128876
   120   0.7014703154563904 0 0 0.03506198525428772
   130   0.734332799911499 0 0 0.03389287739992142
   140   0.7301987409591675 0 0 0.034556638449430466
   150   0.8764244318008423 0 0 0.03509323671460152
Total Training Time: 3.5996336474021278 hours 
