l_NEW: 0.0, l_JD : 0.0, l_FMD: 0.0, l_MSE: 1.0,step: 15, d_penalty: 0.0, L: 2, z_dim: 1-4, bs: 64
| EPOCH |      PLF-JD     |      PLF-FMD    |      PLF-NEW    |      MSE        |
   1   9.502908706665039 9.331134796142578 9.223104476928711 0.018486689776182175
   10   8.838155746459961 8.714790344238281 8.883813858032227 0.014324305579066277
   20   7.741995334625244 7.740389823913574 7.921398162841797 0.013082565739750862
   30   7.450472831726074 7.467820644378662 7.300495147705078 0.012404056265950203
   40   6.9713263511657715 6.654202938079834 7.030156135559082 0.011776109226047993
   50   6.310582160949707 6.617591857910156 6.24773645401001 0.011430029757320881
   60   6.378466606140137 6.221767902374268 6.363946914672852 0.01115215290337801
   70   5.882251739501953 6.0736823081970215 6.167567729949951 0.01081494428217411
   80   5.770126819610596 5.789058208465576 5.952455997467041 0.010662412270903587
Total Training Time: 10.715194861888886 hours 
