l_NEW: 0.0, l_JD : 0.0, l_FMD: 0.01, l_MSE: 1.0, d_penalty: 0.0, L: 2, z_dim: 1, bs: 64, bit_rate: 2, s_b: False
| EPOCH |      PLF-JD     |      PLF-FMD    |      PLF-NEW    |      MSE        |
   1   0 0 0 0.009468465112149715
l_NEW: 0.0, l_JD : 0.0, l_FMD: 0.01, l_MSE: 1.0, d_penalty: 0.0, L: 2, z_dim: 1, bs: 64, bit_rate: 2, s_b: False
| EPOCH |      PLF-JD     |      PLF-FMD    |      PLF-NEW    |      MSE        |
l_NEW: 0.0, l_JD : 0.0, l_FMD: 0.01, l_MSE: 1.0, d_penalty: 0.0, L: 2, z_dim: 1, bs: 64, bit_rate: 2, s_b: False
| EPOCH |      PLF-JD     |      PLF-FMD    |      PLF-NEW    |      MSE        |
   1   0 1.5177942514419556 0 0.015250567346811295
   10   0 0.9870110154151917 0 0.014915071427822113
   20   0 0.8457671403884888 0 0.015280818566679955
   30   0 0.8915912508964539 0 0.015011652372777462
   40   0 0.8507277965545654 0 0.015089440159499645
   50   0 0.8341075778007507 0 0.0148701760917902
   60   0 0.8287894129753113 0 0.014985510148108006
   70   0 0.7984220385551453 0 0.014987941831350327
   80   0 0.7938998341560364 0 0.014850364997982979
   90   0 0.7965527176856995 0 0.014763567596673965
   100   0 0.7646133899688721 0 0.01488405466079712
   110   0 0.7581542730331421 0 0.014874943532049656
   120   0 0.7416115999221802 0 0.014687133952975273
   130   0 0.735949695110321 0 0.014799601398408413
   140   0 0.6990804076194763 0 0.014876014553010464
   150   0 0.7069503664970398 0 0.014762510545551777
   160   0 0.7227479815483093 0 0.014633198268711567
   170   0 0.691703200340271 0 0.014649085700511932
   180   0 0.6784060597419739 0 0.014864831231534481
   190   0 0.6684880256652832 0 0.014628095552325249
   200   0 0.6856857538223267 0 0.014708952978253365
   210   0 0.6772506237030029 0 0.014581709168851376
   220   0 0.6588833332061768 0 0.014771132729947567
   230   0 0.6529294848442078 0 0.014737396501004696
   240   0 0.6581241488456726 0 0.014645349234342575
   250   0 0.6437832117080688 0 0.014514372684061527
   260   0 0.6194769144058228 0 0.014446645975112915
   270   0 0.625113844871521 0 0.014638418331742287
   280   0 0.6161025166511536 0 0.01454498153179884
   290   0 0.6101903319358826 0 0.014600138179957867
   300   0 0.6009409427642822 0 0.014663317240774632
Total Training Time: 12.914692666067017 hours 
