l_NEW: 0.03, l_JD : 0.0, l_FMD: 0.0, l_MSE: 1.0,step: 15, d_penalty: 0.0, L: 2, z_dim: 1-4, bs: 64
| EPOCH |      PLF-JD     |      PLF-FMD    |      PLF-NEW    |      MSE        |
l_NEW: 0.03, l_JD : 0.0, l_FMD: 0.0, l_MSE: 1.0,step: 15, d_penalty: 0.0, L: 2, z_dim: 1-4, bs: 64
| EPOCH |      PLF-JD     |      PLF-FMD    |      PLF-NEW    |      MSE        |
   1   0 0 2.5908541679382324 0.01849556155502796
   10   0 0 1.81601881980896 0.019177375361323357
   20   0 0 1.5976059436798096 0.019812315702438354
   30   0 0 1.6920990943908691 0.019439276307821274
   40   0 0 1.658606767654419 0.01938788965344429
   50   0 0 1.705595850944519 0.019101083278656006
   60   0 0 1.611122727394104 0.018971001729369164
   70   0 0 1.5900534391403198 0.019163906574249268
   80   0 0 1.6081717014312744 0.018588677048683167
   90   0 0 1.5395525693893433 0.018295301124453545
   100   0 0 1.533406138420105 0.018760191276669502
   110   0 0 1.5202893018722534 0.018370356410741806
   120   0 0 1.482089638710022 0.018328817561268806
   130   0 0 1.4141817092895508 0.018274031579494476
   140   0 0 1.427720308303833 0.018070492893457413
   150   0 0 1.3927018642425537 0.018299220129847527
   160   0 0 1.3735169172286987 0.0181750375777483
   170   0 0 1.2936033010482788 0.018187735229730606
   180   0 0 1.300525426864624 0.018246056511998177
   190   0 0 1.300986886024475 0.018377507105469704
   200   0 0 1.2468644380569458 0.01827496476471424
   210   0 0 1.2518669366836548 0.018228089436888695
l_NEW: 0.03, l_JD : 0.0, l_FMD: 0.0, l_MSE: 1.0,step: 15, d_penalty: 0.0, L: 2, z_dim: 1-4, bs: 64
| EPOCH |      PLF-JD     |      PLF-FMD    |      PLF-NEW    |      MSE        |
   1   0 0 1.2738558053970337 0.018385669216513634
   10   0 0 1.1949344873428345 0.0183391310274601
   20   0 0 1.190008521080017 0.018203599378466606
   30   0 0 1.2067832946777344 0.018080418929457664
   40   0 0 1.1594369411468506 0.01817922480404377
   50   0 0 1.1397513151168823 0.018229641020298004
   60   0 0 1.1065772771835327 0.017933115363121033
   70   0 0 1.0987683534622192 0.018085304647684097
   80   0 0 1.0730204582214355 0.017932016402482986
   90   0 0 1.0705946683883667 0.01790512725710869
   100   0 0 1.0575777292251587 0.01788622885942459
   110   0 0 1.0141535997390747 0.017897380515933037
   120   0 0 0.993352472782135 0.017834961414337158
   130   0 0 1.0078437328338623 0.017814945429563522
   140   0 0 0.9844900369644165 0.01804916001856327
   150   0 0 0.9570131301879883 0.01775895059108734
   160   0 0 0.9621090888977051 0.01818295381963253
   170   0 0 0.9273043870925903 0.017634516581892967
   180   0 0 0.9252849817276001 0.01755363866686821
   190   0 0 0.9324747920036316 0.017797140404582024
   200   0 0 0.8753631114959717 0.01790470816195011
   210   0 0 0.914959728717804 0.01827279105782509
l_NEW: 0.03, l_JD : 0.0, l_FMD: 0.0, l_MSE: 1.0,step: 15, d_penalty: 0.0, L: 2, z_dim: 1-4, bs: 64
| EPOCH |      PLF-JD     |      PLF-FMD    |      PLF-NEW    |      MSE        |
   1   0 0 0.9245312809944153 0.01831594668328762
   10   0 0 0.8934057354927063 0.017729472368955612
   20   0 0 0.8539814352989197 0.017811138182878494
   30   0 0 0.869721531867981 0.017655108124017715
Total Training Time: 1.7283831486437056 hours 
