l_NEW: 0.0, l_JD : 0.03, l_FMD: 0.0, l_MSE: 1.0,step: 20, d_penalty: 0.0, L: 2, z_dim: 1-4, bs: 64, dataset: mmnist_4_axis_random_sample_step
| EPOCH |      PLF-JD     |      PLF-FMD    |      PLF-NEW    |      MSE        |
   1   10.958454132080078 0 0 0.03028489090502262
   10   5.563129425048828 0 0 0.026256371289491653
   20   5.930862903594971 0 0 0.02694142609834671
   30   5.710227012634277 0 0 0.026507819071412086
   40   5.606320858001709 0 0 0.028445595875382423
   50   6.046202182769775 0 0 0.02545328065752983
   60   5.9977312088012695 0 0 0.028062131255865097
   70   5.861511707305908 0 0 0.02674250863492489
   80   5.917356491088867 0 0 0.028076475486159325
   90   6.221492767333984 0 0 0.027160484343767166
   100   6.15975284576416 0 0 0.026708010584115982
   110   6.12329626083374 0 0 0.027832090854644775
   120   6.236769676208496 0 0 0.027494758367538452
   130   6.26749849319458 0 0 0.026852017268538475
   140   6.22056245803833 0 0 0.026970747858285904
   150   6.036447525024414 0 0 0.028100434690713882
   160   6.241515159606934 0 0 0.027151349931955338
   170   6.361006259918213 0 0 0.026699014008045197
   180   6.536497592926025 0 0 0.02633737027645111
   190   6.1099700927734375 0 0 0.028228502720594406
   200   6.329237937927246 0 0 0.02843451499938965
   210   6.186004638671875 0 0 0.027215709909796715
   220   6.254152297973633 0 0 0.026957357302308083
   230   6.430612087249756 0 0 0.02648256905376911
   240   6.4436516761779785 0 0 0.026285320520401
   250   6.311452865600586 0 0 0.026435857638716698
   260   6.363131046295166 0 0 0.02658052369952202
   270   6.4106125831604 0 0 0.02723686769604683
   280   6.425572872161865 0 0 0.026852374896407127
   290   6.511721134185791 0 0 0.0263901948928833
   300   6.381965160369873 0 0 0.026272263377904892
   310   6.49381685256958 0 0 0.025931045413017273
   320   6.233973026275635 0 0 0.02657174877822399
   330   6.441410541534424 0 0 0.026341257616877556
   340   6.2562174797058105 0 0 0.02597450092434883
   350   6.471033573150635 0 0 0.02638249844312668
   360   6.465880393981934 0 0 0.026480091735720634
   370   6.692752361297607 0 0 0.025726381689310074
   380   6.616203308105469 0 0 0.02645585872232914
   390   6.4553961753845215 0 0 0.026404976844787598
