l_NEW: 0.0, l_JD : 0.08, l_FMD: 0.0, l_MSE: 1.0, d_penalty: 0.0,step:[11, 5], L: 2, z_dim: 1, bs: 64, bit_rate: 2, s_b: False
| EPOCH |      PLF-JD     |      PLF-FMD    |      PLF-NEW    |      MSE        |
   1   2.1687734127044678 0 0 0.029145238921046257
   10   2.020693302154541 0 0 0.03267623111605644
   20   1.9860087633132935 0 0 0.03414690122008324
   30   1.7414623498916626 0 0 0.03385567292571068
   40   1.9163202047348022 0 0 0.03437203913927078
   50   1.427208423614502 0 0 0.033911529928445816
   60   1.4325696229934692 0 0 0.033705685287714005
   70   1.5238533020019531 0 0 0.033584121614694595
   80   1.5827829837799072 0 0 0.031467974185943604
   90   1.4238651990890503 0 0 0.03235338628292084
   100   1.4944677352905273 0 0 0.033295053988695145
   110   1.3580639362335205 0 0 0.03382476419210434
   120   1.4368294477462769 0 0 0.03275620937347412
   130   1.455967903137207 0 0 0.03361883386969566
   140   1.4819806814193726 0 0 0.03350476548075676
   150   1.3790366649627686 0 0 0.03243875131011009
   160   1.472110629081726 0 0 0.03320853412151337
   170   1.3509819507598877 0 0 0.03321085870265961
   180   1.3911772966384888 0 0 0.033122967928647995
   190   1.37022864818573 0 0 0.03326631709933281
   200   1.4294980764389038 0 0 0.0329742506146431
   210   1.3811839818954468 0 0 0.03336215764284134
   220   1.442905068397522 0 0 0.03376816213130951
   230   1.4428859949111938 0 0 0.033781617879867554
   240   1.2545907497406006 0 0 0.03362305089831352
   250   1.2350720167160034 0 0 0.03350212052464485
   260   1.3123526573181152 0 0 0.03378639370203018
   270   1.2882155179977417 0 0 0.034072648733854294
   280   1.3347530364990234 0 0 0.03346260264515877
   290   1.2936034202575684 0 0 0.033165447413921356
   300   1.3649276494979858 0 0 0.03378447890281677
Total Training Time: 7.23056187748909 hours 
l_NEW: 0.0, l_JD : 0.08, l_FMD: 0.0, l_MSE: 1.0, d_penalty: 0.0,step:[11, 5], L: 2, z_dim: 1, bs: 64, bit_rate: 2, s_b: False
| EPOCH |      PLF-JD     |      PLF-FMD    |      PLF-NEW    |      MSE        |
   1   0.1381188929080963 0 0 0.03355387970805168
   10   0.2318095564842224 0 0 0.03366633504629135
   20   0.3431210517883301 0 0 0.03248733654618263
   30   0.3822891116142273 0 0 0.03353726863861084
   40   0.45484477281570435 0 0 0.033869046717882156
   50   0.4797089695930481 0 0 0.033122699707746506
   60   0.6104211211204529 0 0 0.035984911024570465
   70   0.6937974095344543 0 0 0.03585227578878403
   80   0.6078507304191589 0 0 0.034770071506500244
   90   0.6487054824829102 0 0 0.034045688807964325
   100   0.6842749714851379 0 0 0.03411172330379486
   110   0.9120959639549255 0 0 0.03444541245698929
   120   0.7624003887176514 0 0 0.034368328750133514
   130   0.7968289852142334 0 0 0.03430282324552536
   140   0.8081642389297485 0 0 0.03331933915615082
   150   0.7752943634986877 0 0 0.03363550454378128
Total Training Time: 3.6153301046954263 hours 
