l_NEW: 0.0, l_JD : 0.015, l_FMD: 0.0, l_MSE: 1.0, d_penalty: 0.0,step:15, L: 2, z_dim: 1, bs: 64, bit_rate: 2, s_b: False
| EPOCH |      PLF-JD     |      PLF-FMD    |      PLF-NEW    |      MSE        |
   1   4.003798961639404 0 0 0.02532293274998665
   10   3.62152099609375 0 0 0.025701772421598434
   20   3.0785112380981445 0 0 0.02772539295256138
   30   2.7589313983917236 0 0 0.027879493311047554
   40   2.6207807064056396 0 0 0.02743304707109928
   50   2.4807205200195312 0 0 0.02714722976088524
   60   2.385331869125366 0 0 0.028572894632816315
   70   2.3847343921661377 0 0 0.028443539515137672
   80   2.220529556274414 0 0 0.02858552895486355
   90   2.3043558597564697 0 0 0.029263881966471672
   100   2.381500244140625 0 0 0.02861429750919342
   110   2.33955454826355 0 0 0.0288125891238451
   120   2.243013381958008 0 0 0.029180506244301796
   130   2.3067264556884766 0 0 0.02928733080625534
   140   2.2309279441833496 0 0 0.029236437752842903
   150   2.235088348388672 0 0 0.03018646128475666
   160   2.361875295639038 0 0 0.02981550246477127
   170   2.220686912536621 0 0 0.028424318879842758
   180   2.210073471069336 0 0 0.028539195656776428
   190   2.1011879444122314 0 0 0.028443848714232445
   200   2.1765499114990234 0 0 0.02852547913789749
   210   2.1568777561187744 0 0 0.02919050119817257
   220   2.0331780910491943 0 0 0.028499184176325798
   230   2.0914766788482666 0 0 0.02917524240911007
   240   1.9635828733444214 0 0 0.029176995158195496
   250   1.9153281450271606 0 0 0.029102616012096405
Total Training Time: 11.112047972612912 hours 
l_NEW: 0.0, l_JD : 0.015, l_FMD: 0.0, l_MSE: 1.0, d_penalty: 0.0,step:15, L: 2, z_dim: 1, bs: 64, bit_rate: 2, s_b: False
| EPOCH |      PLF-JD     |      PLF-FMD    |      PLF-NEW    |      MSE        |
   1   1.973366618156433 0 0 0.029327424243092537
   10   1.992067813873291 0 0 0.028726967051625252
   20   1.880947232246399 0 0 0.029593493789434433
   30   1.8006341457366943 0 0 0.03023422881960869
   40   1.8347434997558594 0 0 0.03057476133108139
   50   1.8209856748580933 0 0 0.031043022871017456
Total Training Time: 2.1628594372007584 hours 
