l_NEW: 0.0, l_JD : 0.0, l_FMD: 0.0, l_MSE: 1.0, d_penalty: 0.0,step:[24, 6], L: 2, z_dim: 1, bs: 64, bit_rate: 2, s_b: False
| EPOCH |      PLF-JD     |      PLF-FMD    |      PLF-NEW    |      MSE        |
   1   0 0 0 0.016201410442590714
   10   0 0 0 0.004716349299997091
   20   0 0 0 0.0027271800208836794
   30   0 0 0 0.0020767690148204565
   40   0 0 0 0.001721639884635806
   50   0 0 0 0.0014082619454711676
   60   0 0 0 0.00125845184084028
   70   0 0 0 0.0012499322183430195
   80   0 0 0 0.0010919682681560516
   90   0 0 0 0.0011123502627015114
   100   0 0 0 0.0009337315568700433
Total Training Time: 2.2717449125978684 hours 
