l_NEW: 0.005, l_JD : 0.0, l_FMD: 0.0, l_MSE: 1.0, d_penalty: 0.0, L: 2, z_dim: 6, bs: 64
| EPOCH |      PLF-JD     |      PLF-FMD    |      PLF-NEW    |      MSE        |
   1   0 0 1.8883243799209595 0.012800970114767551
   10   0 0 1.4554075002670288 0.013761173002421856
   20   0 0 1.4225506782531738 0.01366368867456913
   30   0 0 1.3686683177947998 0.013690473511815071
   40   0 0 1.3466606140136719 0.013738556765019894
   50   0 0 1.3518269062042236 0.013794317841529846
   60   0 0 1.3900514841079712 0.013721905648708344
   70   0 0 1.334915041923523 0.013698936440050602
   80   0 0 1.3393614292144775 0.013636193238198757
   90   0 0 1.3245184421539307 0.01373110432177782
   100   0 0 1.3188930749893188 0.013614196330308914
   110   0 0 1.248795747756958 0.013771679252386093
   120   0 0 1.23939049243927 0.013714008033275604
   130   0 0 1.2842503786087036 0.01376437209546566
   140   0 0 1.2358566522598267 0.01384201180189848
   150   0 0 1.2424225807189941 0.013776256702840328
Total Training Time: 7.265847865475549 hours 
l_NEW: 0.005, l_JD : 0.0, l_FMD: 0.0, l_MSE: 1.0, d_penalty: 0.0, L: 2, z_dim: 6, bs: 64
| EPOCH |      PLF-JD     |      PLF-FMD    |      PLF-NEW    |      MSE        |
   1   0 0 1.229860782623291 0.013999623246490955
   10   0 0 1.1609184741973877 0.013946912251412868
   20   0 0 1.150284767150879 0.01401499379426241
   30   0 0 1.2115446329116821 0.013852703385055065
   40   0 0 1.1851390600204468 0.013679208233952522
   50   0 0 1.172910451889038 0.013891899958252907
   60   0 0 1.158851146697998 0.013833422213792801
   70   0 0 1.183569312095642 0.013950725086033344
   80   0 0 1.1854301691055298 0.013823935762047768
   90   0 0 1.1278085708618164 0.013842370361089706
   100   0 0 1.1170834302902222 0.013897821307182312
   110   0 0 1.1118191480636597 0.01377018727362156
   120   0 0 1.089194416999817 0.013880204409360886
   130   0 0 1.1110334396362305 0.013833694159984589
   140   0 0 1.1055095195770264 0.013716251589357853
   150   0 0 1.0725886821746826 0.013829187490046024
Total Training Time: 7.627165218393008 hours 
