l_NEW: 0.002, l_JD : 0.0, l_FMD: 0.0, l_MSE: 1.0, d_penalty: 0.0, L: 2, z_dim: 6, bs: 64
| EPOCH |      PLF-JD     |      PLF-FMD    |      PLF-NEW    |      MSE        |
   1   0 0 2.752140522003174 0.011120441369712353
   10   0 0 2.290665626525879 0.011500813998281956
   20   0 0 2.196362018585205 0.01163269579410553
   30   0 0 2.230225086212158 0.011612443253397942
   40   0 0 2.1388518810272217 0.011753843165934086
   50   0 0 2.177825927734375 0.01171824336051941
   60   0 0 2.1276779174804688 0.011746065691113472
   70   0 0 2.098332166671753 0.011856789700686932
   80   0 0 2.103346824645996 0.011737069115042686
   90   0 0 2.0654678344726562 0.0118739427998662
   100   0 0 2.101525068283081 0.011842915788292885
   110   0 0 2.096773147583008 0.011772428639233112
   120   0 0 2.115232467651367 0.011764857918024063
   130   0 0 2.083636999130249 0.011733196675777435
   140   0 0 2.112907648086548 0.011837530881166458
   150   0 0 2.0603737831115723 0.011887681670486927
Total Training Time: 7.330612626671791 hours 
l_NEW: 0.002, l_JD : 0.0, l_FMD: 0.0, l_MSE: 1.0, d_penalty: 0.0, L: 2, z_dim: 6, bs: 64
| EPOCH |      PLF-JD     |      PLF-FMD    |      PLF-NEW    |      MSE        |
   1   0 0 2.0285778045654297 0.011926599778234959
   10   0 0 2.082059860229492 0.011796938255429268
   20   0 0 2.0092434883117676 0.011786405928432941
   30   0 0 2.0392777919769287 0.011831375770270824
   40   0 0 2.0430357456207275 0.011729750782251358
   50   0 0 2.0181825160980225 0.01175584364682436
   60   0 0 1.9796853065490723 0.011835109442472458
   70   0 0 1.9903444051742554 0.011774972081184387
   80   0 0 2.0094223022460938 0.011744424700737
   90   0 0 1.9115099906921387 0.011838030070066452
   100   0 0 1.9214929342269897 0.011844983324408531
   110   0 0 1.9737513065338135 0.011767914518713951
   120   0 0 1.87580406665802 0.01184062659740448
   130   0 0 1.9518380165100098 0.011850577779114246
   140   0 0 1.8999508619308472 0.011813143268227577
   150   0 0 1.9186385869979858 0.01183738000690937
Total Training Time: 7.60225985818439 hours 
