l_NEW: 0.0, l_JD : 0.04, l_FMD: 0.0, l_MSE: 1.0, d_penalty: 0.0, L: 2, z_dim: 2, bs: 64
| EPOCH |      PLF-JD     |      PLF-FMD    |      PLF-NEW    |      MSE        |
   1   2.5391197204589844 0 0 0.023083064705133438
   10   1.8275972604751587 0 0 0.02454249933362007
   20   1.669999122619629 0 0 0.024680625647306442
   30   1.5808895826339722 0 0 0.024934569373726845
   40   1.4701982736587524 0 0 0.024909252300858498
   50   1.4793986082077026 0 0 0.02476787380874157
   60   1.4754478931427002 0 0 0.024966735392808914
   70   1.4350266456604004 0 0 0.024926980957388878
Total Training Time: 3.4786539069149227 hours 
l_NEW: 0.0, l_JD : 0.04, l_FMD: 0.0, l_MSE: 1.0, d_penalty: 0.0, L: 2, z_dim: 2, bs: 64
| EPOCH |      PLF-JD     |      PLF-FMD    |      PLF-NEW    |      MSE        |
   1   1.4180456399917603 0 0 0.025335069745779037
   10   1.3895483016967773 0 0 0.024850789457559586
   20   1.3310762643814087 0 0 0.025003809481859207
   30   1.402201771736145 0 0 0.025020908564329147
   40   1.3523997068405151 0 0 0.02517145685851574
   50   1.314812183380127 0 0 0.025171782821416855
   60   1.3205280303955078 0 0 0.025196056813001633
   70   1.2993965148925781 0 0 0.02525801584124565
Total Training Time: 3.4935593554708695 hours 
l_NEW: 0.0, l_JD : 0.04, l_FMD: 0.0, l_MSE: 1.0, d_penalty: 0.0, L: 2, z_dim: 2, bs: 64
| EPOCH |      PLF-JD     |      PLF-FMD    |      PLF-NEW    |      MSE        |
   1   1.2371387481689453 0 0 0.024996457621455193
   10   1.2493737936019897 0 0 0.0248583797365427
   20   1.2241601943969727 0 0 0.025100329890847206
   30   1.3028137683868408 0 0 0.024815859273076057
   40   1.2697346210479736 0 0 0.024773530662059784
   50   1.2353769540786743 0 0 0.024836663156747818
   60   1.2337374687194824 0 0 0.024735597893595695
   70   1.1653926372528076 0 0 0.02499198727309704
Total Training Time: 3.5194278694523704 hours 
l_NEW: 0.0, l_JD : 0.04, l_FMD: 0.0, l_MSE: 1.0, d_penalty: 0.0, L: 2, z_dim: 2, bs: 64
| EPOCH |      PLF-JD     |      PLF-FMD    |      PLF-NEW    |      MSE        |
   1   1.2451224327087402 0 0 0.024825382977724075
   10   1.2157405614852905 0 0 0.02473410591483116
   20   1.1957755088806152 0 0 0.024934925138950348
   30   1.1550894975662231 0 0 0.025051133707165718
   40   1.183518886566162 0 0 0.02504674904048443
   50   1.2126140594482422 0 0 0.02496236190199852
   60   1.183534860610962 0 0 0.024772951379418373
   70   1.1967560052871704 0 0 0.024803459644317627
l_NEW: 0.0, l_JD : 0.04, l_FMD: 0.0, l_MSE: 1.0, d_penalty: 0.0, L: 2, z_dim: 2, bs: 64
| EPOCH |      PLF-JD     |      PLF-FMD    |      PLF-NEW    |      MSE        |
   1   1.2073851823806763 0 0 0.024953460320830345
   10   1.194226622581482 0 0 0.02481357753276825
   20   1.158204197883606 0 0 0.02525472268462181
Total Training Time: 1.0469044317801794 hours 
