l_NEW: 0.0, l_JD : 0.0, l_FMD: 0.01, l_MSE: 1.0, d_penalty: 0.0, L: 2, z_dim: 4, bs: 64
| EPOCH |      PLF-JD     |      PLF-FMD    |      PLF-NEW    |      MSE        |
   1   0 2.010993719100952 0 0.0169293824583292
   10   0 1.4354008436203003 0 0.017982708290219307
   20   0 1.3256134986877441 0 0.017829667776823044
   30   0 1.273019552230835 0 0.018101699650287628
   40   0 1.2607778310775757 0 0.01786925084888935
   50   0 1.1707795858383179 0 0.017788374796509743
   60   0 1.1937804222106934 0 0.017896397039294243
   70   0 1.1349537372589111 0 0.0177758876234293
   80   0 1.1539475917816162 0 0.017656000331044197
   90   0 1.1156898736953735 0 0.017913073301315308
   100   0 1.0618797540664673 0 0.018040264025330544
   110   0 1.0228513479232788 0 0.017919519916176796
   120   0 1.0282557010650635 0 0.017909148707985878
   130   0 0.9720787405967712 0 0.0181862935423851
   140   0 0.9579703211784363 0 0.017948562279343605
   150   0 0.9659203290939331 0 0.018260937184095383
Total Training Time: 7.136488489111264 hours 
l_NEW: 0.0, l_JD : 0.0, l_FMD: 0.01, l_MSE: 1.0, d_penalty: 0.0, L: 2, z_dim: 4, bs: 64
| EPOCH |      PLF-JD     |      PLF-FMD    |      PLF-NEW    |      MSE        |
   1   0 0.9703875780105591 0 0.018258877098560333
   10   0 0.9533390998840332 0 0.017993181943893433
   20   0 0.9171614646911621 0 0.01790030486881733
   30   0 0.9447119235992432 0 0.017958810552954674
   40   0 0.9206491112709045 0 0.017970936372876167
   50   0 0.960622251033783 0 0.01784944161772728
   60   0 0.8756996393203735 0 0.018108345568180084
   70   0 0.9055629968643188 0 0.01772472821176052
   80   0 0.9087821841239929 0 0.017792558297514915
   90   0 0.8962305188179016 0 0.017920389771461487
   100   0 0.8315508961677551 0 0.01788538135588169
   110   0 0.8317151069641113 0 0.018210943788290024
   120   0 0.8899344801902771 0 0.017861831933259964
   130   0 0.8603546619415283 0 0.017823290079832077
   140   0 0.8642843961715698 0 0.018057290464639664
   150   0 0.8671441078186035 0 0.017658567056059837
Total Training Time: 7.087939500013987 hours 
