l_NEW: 0.003, l_JD : 0.0, l_FMD: 0.0, l_MSE: 1.0, d_penalty: 0.0, L: 2, z_dim: 1, bs: 64
| EPOCH |      PLF-JD     |      PLF-FMD    |      PLF-NEW    |      MSE        |
   1   0 0 3.700963258743286 0.01845056377351284
   10   0 0 2.616997480392456 0.01988481543958187
   20   0 0 2.606935739517212 0.0200827457010746
   30   0 0 2.385981798171997 0.0205544400960207
   40   0 0 2.591564893722534 0.02044248953461647
   50   0 0 2.4890072345733643 0.02057637646794319
   60   0 0 2.4817392826080322 0.020730745047330856
   70   0 0 2.4636549949645996 0.020731249824166298
   80   0 0 2.430574893951416 0.020810715854167938
   90   0 0 2.348017692565918 0.020808428525924683
   100   0 0 2.3984580039978027 0.02088141068816185
   110   0 0 2.2364161014556885 0.020999811589717865
   120   0 0 2.485989809036255 0.02084668166935444
   130   0 0 2.1399343013763428 0.021243805065751076
   140   0 0 2.2417242527008057 0.021202964708209038
   150   0 0 2.2683498859405518 0.02113967016339302
Total Training Time: 7.397367870145374 hours 
l_NEW: 0.003, l_JD : 0.0, l_FMD: 0.0, l_MSE: 1.0, d_penalty: 0.0, L: 2, z_dim: 1, bs: 64
| EPOCH |      PLF-JD     |      PLF-FMD    |      PLF-NEW    |      MSE        |
   1   0 0 2.3492681980133057 0.021195150911808014
   10   0 0 2.186048746109009 0.021305400878190994
   20   0 0 2.0593466758728027 0.02138754352927208
   30   0 0 2.242887020111084 0.021001331508159637
   40   0 0 2.1569807529449463 0.021330544725060463
   50   0 0 2.296464204788208 0.020866600796580315
   60   0 0 2.2075326442718506 0.021139193326234818
   70   0 0 2.2356362342834473 0.02113150618970394
   80   0 0 2.147026538848877 0.021133098751306534
   90   0 0 2.014279842376709 0.021324049681425095
   100   0 0 2.179612398147583 0.02126619964838028
   110   0 0 2.0786776542663574 0.021249854937195778
   120   0 0 2.089827537536621 0.021372975781559944
   130   0 0 2.115415334701538 0.021469496190547943
   140   0 0 2.0822854042053223 0.021311132237315178
   150   0 0 2.126246690750122 0.021373463794589043
Total Training Time: 7.341153082913823 hours 
