l_NEW: 0.001, l_JD : 0.0, l_FMD: 0.0, l_MSE: 1.0, d_penalty: 0.0, L: 2, z_dim: 6, bs: 64
| EPOCH |      PLF-JD     |      PLF-FMD    |      PLF-NEW    |      MSE        |
   1   0 0 3.4715678691864014 0.01020943932235241
   10   0 0 3.317026376724243 0.01027274876832962
   20   0 0 3.182241439819336 0.01034188736230135
   30   0 0 3.2591803073883057 0.010309026576578617
   40   0 0 3.2170238494873047 0.010369077324867249
   50   0 0 3.149049997329712 0.010357644408941269
   60   0 0 3.186509609222412 0.010435315780341625
   70   0 0 3.1443607807159424 0.010366522707045078
   80   0 0 3.211236000061035 0.010373118333518505
   90   0 0 3.1486124992370605 0.010357841849327087
   100   0 0 3.1093709468841553 0.010386638343334198
   110   0 0 3.2608375549316406 0.010368149727582932
   120   0 0 3.1940128803253174 0.010329246520996094
   130   0 0 3.039147138595581 0.010402453131973743
   140   0 0 3.1691293716430664 0.010287589393556118
   150   0 0 3.174621343612671 0.010310749523341656
Total Training Time: 7.446847543054157 hours 
l_NEW: 0.001, l_JD : 0.0, l_FMD: 0.0, l_MSE: 1.0, d_penalty: 0.0, L: 2, z_dim: 6, bs: 64
| EPOCH |      PLF-JD     |      PLF-FMD    |      PLF-NEW    |      MSE        |
   1   0 0 3.2246153354644775 0.010408674366772175
   10   0 0 3.1276371479034424 0.010366026312112808
   20   0 0 3.189509630203247 0.01038879994302988
   30   0 0 3.064272880554199 0.01036118809133768
   40   0 0 3.2202014923095703 0.010270548984408379
   50   0 0 3.1879143714904785 0.0102846659719944
   60   0 0 3.194608211517334 0.010328107513487339
   70   0 0 3.1877453327178955 0.010302368551492691
   80   0 0 3.159888982772827 0.010317014530301094
   90   0 0 3.0469119548797607 0.010289390571415424
   100   0 0 3.140209197998047 0.010300747118890285
   110   0 0 3.173774242401123 0.010262037627398968
   120   0 0 3.0938329696655273 0.010315080173313618
   130   0 0 3.0528602600097656 0.010364305227994919
   140   0 0 3.0714807510375977 0.01031380146741867
   150   0 0 3.1126673221588135 0.010243566706776619
Total Training Time: 7.647113235592842 hours 
