l_NEW: 0.0, l_JD : 0.0, l_FMD: 0.0, l_MSE: 1.0, d_penalty: 0.0,step:[11, 5], L: 2, z_dim: 1, bs: 64, bit_rate: 2, s_b: False
| EPOCH |      PLF-JD     |      PLF-FMD    |      PLF-NEW    |      MSE        |
   1   0 0 0 0.022152496501803398
   10   0 0 0 0.01672396808862686
   20   0 0 0 0.01604853756725788
   30   0 0 0 0.01572492904961109
   40   0 0 0 0.01551691722124815
   50   0 0 0 0.01537669263780117
   60   0 0 0 0.015338231809437275
   70   0 0 0 0.015220478177070618
   80   0 0 0 0.015196348540484905
   90   0 0 0 0.015093034133315086
   100   0 0 0 0.015099001117050648
Total Training Time: 2.297386023932033 hours 
