l_NEW: 0.0, l_JD : 0.0, l_FMD: 0.01, l_MSE: 1.0, d_penalty: 0.0, L: 2, z_dim: 8, bs: 64
| EPOCH |      PLF-JD     |      PLF-FMD    |      PLF-NEW    |      MSE        |
   1   0 1.3954880237579346 0 0.012462388724088669
   10   0 1.1449575424194336 0 0.012700004503130913
   20   0 1.1387519836425781 0 0.012584277428686619
   30   0 1.0589754581451416 0 0.012830723077058792
   40   0 1.1151102781295776 0 0.012559636496007442
   50   0 1.0815370082855225 0 0.012644489295780659
   60   0 1.0445655584335327 0 0.012614352628588676
   70   0 1.0183035135269165 0 0.012693800032138824
   80   0 0.9738438725471497 0 0.01261121779680252
   90   0 0.9777104258537292 0 0.012570406310260296
   100   0 0.9562555551528931 0 0.012766825035214424
   110   0 0.9491254091262817 0 0.012631484307348728
   120   0 0.9521238207817078 0 0.012639299966394901
   130   0 0.9298518896102905 0 0.01256081648170948
   140   0 0.9617288112640381 0 0.012564550153911114
   150   0 0.9248161315917969 0 0.012652204371988773
   160   0 0.9173961877822876 0 0.012542945332825184
   170   0 0.8913595080375671 0 0.012693618424236774
   180   0 0.8908613920211792 0 0.012521602213382721
   190   0 0.8733213543891907 0 0.012618097476661205
   200   0 0.8689892292022705 0 0.012566154822707176
   210   0 0.867265522480011 0 0.012523628771305084
   220   0 0.862056314945221 0 0.012574550695717335
   230   0 0.8280758857727051 0 0.012673448771238327
   240   0 0.8561856150627136 0 0.012514939531683922
   250   0 0.8296777009963989 0 0.01272725872695446
Total Training Time: 11.438574470149145 hours 
l_NEW: 0.0, l_JD : 0.0, l_FMD: 0.01, l_MSE: 1.0, d_penalty: 0.0, L: 2, z_dim: 8, bs: 64
| EPOCH |      PLF-JD     |      PLF-FMD    |      PLF-NEW    |      MSE        |
