l_NEW: 0.04, l_JD : 0.0, l_FMD: 0.0, l_MSE: 1.0, d_penalty: 0.0, L: 2, z_dim: 1, bs: 64
| EPOCH |      PLF-JD     |      PLF-FMD    |      PLF-NEW    |      MSE        |
   1   0 0 2.353215456008911 0.024489404633641243
   10   0 0 1.436234474182129 0.026869965717196465
   20   0 0 1.443764567375183 0.026232505217194557
   30   0 0 1.3116062879562378 0.02767443284392357
   40   0 0 1.3000633716583252 0.02703704684972763
   50   0 0 1.3414231538772583 0.027545925229787827
   60   0 0 1.278886318206787 0.026733919978141785
   70   0 0 1.1968779563903809 0.027628276497125626
   80   0 0 1.1926584243774414 0.02723415568470955
   90   0 0 1.1788705587387085 0.027191365137696266
   100   0 0 1.0987094640731812 0.02776676043868065
   110   0 0 1.1327275037765503 0.027812747284770012
   120   0 0 1.0998971462249756 0.027830328792333603
   130   0 0 1.0166654586791992 0.027795029804110527
   140   0 0 1.0445878505706787 0.02730518765747547
   150   0 0 1.012137532234192 0.027606794610619545
Total Training Time: 7.464166854023933 hours 
l_NEW: 0.04, l_JD : 0.0, l_FMD: 0.0, l_MSE: 1.0, d_penalty: 0.0, L: 2, z_dim: 1, bs: 64
| EPOCH |      PLF-JD     |      PLF-FMD    |      PLF-NEW    |      MSE        |
   1   0 0 1.0342901945114136 0.027586963027715683
   10   0 0 0.9949743747711182 0.028338616713881493
   20   0 0 1.0424480438232422 0.02807985246181488
   30   0 0 0.9791913032531738 0.02827298454940319
   40   0 0 0.9690483808517456 0.0283040888607502
   50   0 0 0.9591835141181946 0.027888720855116844
   60   0 0 0.9533802270889282 0.028487958014011383
   70   0 0 0.8524391651153564 0.028630487620830536
   80   0 0 0.8699991703033447 0.02822498232126236
   90   0 0 0.8406716585159302 0.027862122282385826
   100   0 0 0.8537303805351257 0.028488436713814735
   110   0 0 0.9133908152580261 0.02796999365091324
   120   0 0 0.8672717809677124 0.028119385242462158
   130   0 0 0.8833668231964111 0.02854684554040432
   140   0 0 0.8977321982383728 0.02884642593562603
   150   0 0 0.8373450040817261 0.02920757420361042
Total Training Time: 7.447363198200861 hours 
