l_NEW: 0.0, l_JD : 0.0, l_FMD: 0.0, l_MSE: 1.0,step: 15, d_penalty: 0.0, L: 2, z_dim: 1-4, bs: 64
| EPOCH |      PLF-JD     |      PLF-FMD    |      PLF-NEW    |      MSE        |
   1   10.674071311950684 10.845904350280762 10.585097312927246 0.021909577772021294
   10   8.811421394348145 8.934155464172363 8.75829029083252 0.014253905043005943
   20   7.930213928222656 7.831658363342285 7.537633419036865 0.013110467232763767
   30   7.167087554931641 7.253509044647217 7.173572063446045 0.012518106028437614
   40   6.923123359680176 7.060277462005615 7.005638122558594 0.011987493373453617
   50   6.758878707885742 6.646737098693848 6.612856388092041 0.011611142195761204
   60   6.33765172958374 6.314462661743164 6.093470573425293 0.011301831342279911
   70   6.13978910446167 6.130945205688477 5.932380676269531 0.011092668399214745
   80   6.1387858390808105 5.961836814880371 5.996530055999756 0.01077092532068491
Total Training Time: 10.683621284961701 hours 
