l_NEW: 0.001, l_JD : 0.0, l_FMD: 0.0, l_MSE: 1.0, d_penalty: 0.0, L: 2, z_dim: 2, bs: 64
| EPOCH |      PLF-JD     |      PLF-FMD    |      PLF-NEW    |      MSE        |
   1   0 0 5.354654788970947 0.01372443325817585
   10   0 0 5.128866672515869 0.013924945145845413
   20   0 0 5.07061243057251 0.013855953700840473
   30   0 0 4.993529796600342 0.014031085185706615
   40   0 0 5.020324230194092 0.013889194466173649
   50   0 0 5.182611465454102 0.013919510878622532
   60   0 0 5.144678115844727 0.013909294269979
   70   0 0 4.811951637268066 0.013850921764969826
Total Training Time: 3.506808171802097 hours 
l_NEW: 0.001, l_JD : 0.0, l_FMD: 0.0, l_MSE: 1.0, d_penalty: 0.0, L: 2, z_dim: 2, bs: 64
| EPOCH |      PLF-JD     |      PLF-FMD    |      PLF-NEW    |      MSE        |
   1   0 0 5.051882266998291 0.013935848139226437
   10   0 0 4.922919273376465 0.014025772921741009
   20   0 0 4.920057773590088 0.01391440350562334
   30   0 0 4.881675720214844 0.013931446708738804
   40   0 0 4.979935646057129 0.013907085172832012
   50   0 0 5.004444599151611 0.013929234817624092
   60   0 0 4.979854583740234 0.01385184470564127
   70   0 0 4.918399333953857 0.013943074271082878
Total Training Time: 3.521542924841245 hours 
l_NEW: 0.001, l_JD : 0.0, l_FMD: 0.0, l_MSE: 1.0, d_penalty: 0.0, L: 2, z_dim: 2, bs: 64
| EPOCH |      PLF-JD     |      PLF-FMD    |      PLF-NEW    |      MSE        |
   1   0 0 5.021363258361816 0.014048179611563683
   10   0 0 4.8535261154174805 0.013962570577859879
   20   0 0 4.815124988555908 0.013897398486733437
   30   0 0 4.965450286865234 0.013976278714835644
   40   0 0 4.904292106628418 0.013941732235252857
   50   0 0 4.859804630279541 0.013939721509814262
   60   0 0 5.003821849822998 0.013998860493302345
   70   0 0 5.000657081604004 0.013948033563792706
Total Training Time: 3.4304662675327724 hours 
l_NEW: 0.001, l_JD : 0.0, l_FMD: 0.0, l_MSE: 1.0, d_penalty: 0.0, L: 2, z_dim: 2, bs: 64
| EPOCH |      PLF-JD     |      PLF-FMD    |      PLF-NEW    |      MSE        |
   1   0 0 4.858644485473633 0.013968276791274548
   10   0 0 4.822727203369141 0.013985281810164452
   20   0 0 4.939100742340088 0.013944636099040508
   30   0 0 4.865368843078613 0.013909460045397282
   40   0 0 4.695614814758301 0.013912302441895008
   50   0 0 5.043030738830566 0.013878371566534042
   60   0 0 4.984055519104004 0.013951725326478481
   70   0 0 4.871823310852051 0.013985696248710155
l_NEW: 0.001, l_JD : 0.0, l_FMD: 0.0, l_MSE: 1.0, d_penalty: 0.0, L: 2, z_dim: 2, bs: 64
| EPOCH |      PLF-JD     |      PLF-FMD    |      PLF-NEW    |      MSE        |
   1   0 0 4.8581109046936035 0.013956882990896702
   10   0 0 4.803859233856201 0.013912178575992584
   20   0 0 4.906778335571289 0.01386241428554058
Total Training Time: 0.9941150256660249 hours 
