l_NEW: 0.0, l_JD : 0.06, l_FMD: 0.0, l_MSE: 1.0, d_penalty: 0.0,step:[11, 5], L: 2, z_dim: 1, bs: 64, bit_rate: 2, s_b: False
| EPOCH |      PLF-JD     |      PLF-FMD    |      PLF-NEW    |      MSE        |
   1   2.23227858543396 0 0 0.029024465009570122
   10   2.0489001274108887 0 0 0.031688790768384933
   20   1.723604440689087 0 0 0.03274598345160484
   30   1.6090126037597656 0 0 0.032549791038036346
   40   1.5149286985397339 0 0 0.03465310484170914
   50   1.3933366537094116 0 0 0.03300422802567482
   60   1.3818150758743286 0 0 0.034844186156988144
   70   1.3371095657348633 0 0 0.03443371132016182
   80   1.3883907794952393 0 0 0.03435923159122467
   90   1.3734760284423828 0 0 0.03394629806280136
   100   1.2753502130508423 0 0 0.03423929959535599
   110   1.342847228050232 0 0 0.03387444093823433
