l_NEW: 0.0, l_JD : 0.01, l_FMD: 0.0, l_MSE: 1.0, d_penalty: 0.0,step:[11, 5], L: 2, z_dim: 1, bs: 64, bit_rate: 2, s_b: False
| EPOCH |      PLF-JD     |      PLF-FMD    |      PLF-NEW    |      MSE        |
   1   2.5224573612213135 0 0 0.02555146999657154
   10   2.1566431522369385 0 0 0.027477461844682693
   20   1.7685517072677612 0 0 0.02780439518392086
   30   1.549370288848877 0 0 0.0283451359719038
   40   1.4204859733581543 0 0 0.02903103083372116
   50   1.5109467506408691 0 0 0.030541956424713135
   60   1.3767558336257935 0 0 0.030503764748573303
   70   1.4343410730361938 0 0 0.03007773868739605
   80   1.3589410781860352 0 0 0.03112630546092987
   90   1.3768010139465332 0 0 0.032178688794374466
   100   1.4064127206802368 0 0 0.031624745577573776
   110   1.4225717782974243 0 0 0.03133581951260567
