l_PN, l_P, l_MSE, d_penalty  0.0 0.0 1.0 0.0
| EPOCH | PLF-JD | PLF-FMD | PLF-NEW | MSE |
1 5.450695991516113 1.0140821933746338 1.6447160243988037 0.017167765647172928
10 5.524553298950195 1.0077893733978271 1.6618205308914185 0.017150694504380226
20 5.4413533210754395 1.0236380100250244 1.7098331451416016 0.01689845323562622
30 5.571194648742676 1.0055491924285889 1.6559650897979736 0.017095856368541718
40 5.39588737487793 0.9740272760391235 1.738108515739441 0.01720506139099598
50 5.668707370758057 0.959873378276825 1.6832821369171143 0.017305711284279823
60 5.6009521484375 0.8863890767097473 1.6878840923309326 0.017443908378481865
70 5.451105117797852 0.9397320747375488 1.8148478269577026 0.017339816316962242
80 5.59763240814209 0.9037965536117554 1.806410551071167 0.017331121489405632
Total Training Time: 7.347268831332524 hours 
l_PN, l_P, l_MSE, d_penalty  0.0 0.0 1.0 0.0
| EPOCH | PLF-JD | PLF-FMD | PLF-NEW | MSE |
1 5.530509948730469 0.9527917504310608 1.8153856992721558 0.017352715134620667
10 5.416688919067383 0.8734578490257263 1.8105382919311523 0.017413510009646416
20 5.500113010406494 0.8901427388191223 1.7714463472366333 0.01736762933433056
30 5.719876766204834 0.8799737691879272 1.794440507888794 0.017264235764741898
40 5.496224403381348 0.8216667175292969 1.842890739440918 0.017111346125602722
50 5.601168632507324 0.8860770463943481 1.7994390726089478 0.01721920259296894
60 5.59251594543457 0.8399144411087036 1.8512423038482666 0.017437588423490524
70 5.579071998596191 0.8297496438026428 1.8633168935775757 0.0171893909573555
80 5.531672954559326 0.7936040759086609 1.832364797592163 0.01713043823838234
Total Training Time: 7.505634788804584 hours 
