l_NEW: 0.0, l_JD : 0.03, l_FMD: 0.0, l_MSE: 1.0, d_penalty: 0.0,step:[11, 5], L: 2, z_dim: 1, bs: 64, bit_rate: 2, s_b: False, dataset:mmnist_unidir_4_axis_random
| EPOCH |      PLF-JD     |      PLF-FMD    |      PLF-NEW    |      MSE        |
   1   3.715804100036621 0 0 0.02800964005291462
   10   3.352044105529785 0 0 0.029368314892053604
   20   3.15443754196167 0 0 0.03082154504954815
   30   2.955719470977783 0 0 0.03346205875277519
   40   3.1380059719085693 0 0 0.032297853380441666
   50   3.2943763732910156 0 0 0.03139834478497505
   60   3.2432374954223633 0 0 0.03331366926431656
   70   3.366349458694458 0 0 0.032556694000959396
   80   3.5162909030914307 0 0 0.03320594131946564
   90   3.656224250793457 0 0 0.033062566071748734
   100   3.82527494430542 0 0 0.032307256013154984
   110   3.8441429138183594 0 0 0.03227006644010544
   120   3.834324836730957 0 0 0.03271150961518288
   130   4.017018795013428 0 0 0.032810989767313004
   140   3.8508965969085693 0 0 0.03304475545883179
   150   3.8513429164886475 0 0 0.031966328620910645
   160   3.7165606021881104 0 0 0.03142242506146431
   170   3.7709882259368896 0 0 0.03234066069126129
   180   3.688967704772949 0 0 0.03288550302386284
   190   3.576305389404297 0 0 0.0324958860874176
   200   3.6812584400177 0 0 0.03186368942260742
   210   3.4125638008117676 0 0 0.032837990671396255
   220   3.4728331565856934 0 0 0.03273620456457138
   230   3.373150587081909 0 0 0.03201264142990112
   240   3.392982006072998 0 0 0.03220456466078758
   250   3.3676598072052 0 0 0.03376028314232826
   260   3.2138800621032715 0 0 0.03315462917089462
   270   3.253453493118286 0 0 0.03301652520895004
   280   3.1219067573547363 0 0 0.0334877073764801
   290   3.1074607372283936 0 0 0.03348156064748764
   300   3.1031904220581055 0 0 0.03320750221610069
   310   3.0603878498077393 0 0 0.03265565633773804
   320   3.089597463607788 0 0 0.03284542262554169
   330   3.0808560848236084 0 0 0.03283190727233887
   340   3.03338623046875 0 0 0.03265861049294472
   350   3.2750303745269775 0 0 0.03332369402050972
   360   2.9164445400238037 0 0 0.033428750932216644
   370   2.84736967086792 0 0 0.03331959992647171
   380   2.8446545600891113 0 0 0.03287734463810921
   390   2.9150424003601074 0 0 0.033559247851371765
   400   2.768831968307495 0 0 0.03317262977361679
   410   2.875002145767212 0 0 0.033508237451314926
   420   2.812654972076416 0 0 0.03329616039991379
   430   2.73048996925354 0 0 0.032977599650621414
   440   2.8080389499664307 0 0 0.033531952649354935
   450   2.756514310836792 0 0 0.0335397943854332
   460   2.6567494869232178 0 0 0.033305637538433075
   470   2.6523702144622803 0 0 0.03283579275012016
   480   2.5820252895355225 0 0 0.032931581139564514
   490   2.63840651512146 0 0 0.033650290220975876
l_NEW: 0.0, l_JD : 0.03, l_FMD: 0.0, l_MSE: 1.0, d_penalty: 0.0,step:[11, 5], L: 2, z_dim: 1, bs: 64, bit_rate: 2, s_b: False, dataset:mmnist_unidir_4_axis_random
| EPOCH |      PLF-JD     |      PLF-FMD    |      PLF-NEW    |      MSE        |
   1   2.741959810256958 0 0 0.0343424491584301
   10   2.604093313217163 0 0 0.03302634507417679
   20   2.553774833679199 0 0 0.03324558585882187
   30   2.5751359462738037 0 0 0.033358488231897354
   40   2.598658800125122 0 0 0.03388553485274315
   50   2.443899154663086 0 0 0.0331617146730423
   60   2.5223281383514404 0 0 0.03345504403114319
   70   2.48714280128479 0 0 0.03352364897727966
   80   2.4714224338531494 0 0 0.03337410092353821
   90   2.4498298168182373 0 0 0.033327922224998474
   100   2.5186052322387695 0 0 0.0327417366206646
   110   2.4836695194244385 0 0 0.03319592773914337
   120   2.462714433670044 0 0 0.03319826349616051
   130   2.5918164253234863 0 0 0.03400404378771782
   140   2.3291854858398438 0 0 0.032712917774915695
   150   2.3540852069854736 0 0 0.03265613690018654
   160   2.3391361236572266 0 0 0.03367104381322861
   170   2.3337485790252686 0 0 0.03262034431099892
   180   2.334411382675171 0 0 0.033909883350133896
   190   2.3573217391967773 0 0 0.03280268982052803
   200   2.3031320571899414 0 0 0.03332380950450897
   210   2.2989695072174072 0 0 0.03306031972169876
   220   2.293562889099121 0 0 0.03259224817156792
   230   2.2395620346069336 0 0 0.03289566934108734
   240   2.267026424407959 0 0 0.03235941007733345
   250   2.243161916732788 0 0 0.0332324281334877
   260   2.1960532665252686 0 0 0.032391417771577835
   270   2.181119680404663 0 0 0.03260866180062294
   280   2.1418278217315674 0 0 0.03279498592019081
   290   2.129223108291626 0 0 0.03283832594752312
   300   2.2133636474609375 0 0 0.033190783113241196
   310   2.146944522857666 0 0 0.03325900807976723
   320   2.1334755420684814 0 0 0.03316522017121315
   330   2.1624248027801514 0 0 0.03387467935681343
   340   2.332746982574463 0 0 0.034395117312669754
   350   2.2577767372131348 0 0 0.03459322452545166
   360   2.0784640312194824 0 0 0.032927773892879486
   370   2.1566295623779297 0 0 0.0331466943025589
   380   2.107267379760742 0 0 0.03376925364136696
   390   2.041224479675293 0 0 0.033219724893569946
   400   2.0949923992156982 0 0 0.033913303166627884
   410   2.04695987701416 0 0 0.033899154514074326
   420   2.1350817680358887 0 0 0.03316137567162514
   430   2.050287961959839 0 0 0.032814111560583115
   440   2.012498378753662 0 0 0.033176321536302567
   450   2.0574326515197754 0 0 0.0331779383122921
   460   2.0506701469421387 0 0 0.0334036685526371
   470   2.094698190689087 0 0 0.03255404904484749
   480   1.9330419301986694 0 0 0.03302058205008507
   490   1.946689486503601 0 0 0.03292054310441017
l_NEW: 0.0, l_JD : 0.03, l_FMD: 0.0, l_MSE: 1.0, d_penalty: 0.0,step:[11, 5], L: 2, z_dim: 1, bs: 64, bit_rate: 2, s_b: False, dataset:mmnist_unidir_4_axis_random
| EPOCH |      PLF-JD     |      PLF-FMD    |      PLF-NEW    |      MSE        |
   1   2.021611213684082 0 0 0.032550498843193054
   10   1.93478262424469 0 0 0.03297777473926544
   20   1.8984979391098022 0 0 0.033197395503520966
   30   1.8974864482879639 0 0 0.03376944363117218
   40   1.8972065448760986 0 0 0.03305153548717499
   50   1.9099957942962646 0 0 0.033700209110975266
   60   1.9270621538162231 0 0 0.03320417180657387
   70   1.873030424118042 0 0 0.032824721187353134
   80   1.8448432683944702 0 0 0.033303745090961456
   90   1.8461722135543823 0 0 0.03326185420155525
   100   1.8546814918518066 0 0 0.033215682953596115
   110   1.8273818492889404 0 0 0.03379788249731064
   120   1.8700017929077148 0 0 0.033166658133268356
   130   1.816098928451538 0 0 0.033108387142419815
   140   1.8025704622268677 0 0 0.03352935612201691
   150   1.8147733211517334 0 0 0.033290985971689224
   160   1.8175594806671143 0 0 0.03399856761097908
   170   1.7974179983139038 0 0 0.03332626447081566
   180   1.8562723398208618 0 0 0.03412235155701637
   190   1.8061655759811401 0 0 0.033322181552648544
   200   1.8605694770812988 0 0 0.03403438627719879
   210   1.9600812196731567 0 0 0.0325574167072773
   220   1.8019986152648926 0 0 0.033001430332660675
   230   1.7202653884887695 0 0 0.03352366387844086
   240   1.7464743852615356 0 0 0.0335126556456089
   250   1.7118719816207886 0 0 0.03375844657421112
   260   1.7507824897766113 0 0 0.034196022897958755
   270   1.7468452453613281 0 0 0.034082286059856415
   280   1.7382572889328003 0 0 0.03442039340734482
   290   1.7391607761383057 0 0 0.034705739468336105
   300   1.7134813070297241 0 0 0.03331118822097778
   310   1.7371095418930054 0 0 0.03377640247344971
   320   1.7217189073562622 0 0 0.03317485377192497
   330   1.7070623636245728 0 0 0.03327483311295509
   340   1.680863618850708 0 0 0.034114476293325424
   350   1.6719142198562622 0 0 0.03399130329489708
   360   1.7651400566101074 0 0 0.03383447974920273
   370   1.7090041637420654 0 0 0.03382252901792526
   380   1.747552752494812 0 0 0.03451917693018913
   390   1.6404972076416016 0 0 0.034633129835128784
   400   1.7413251399993896 0 0 0.034449465572834015
   410   1.6758623123168945 0 0 0.03417559713125229
   420   1.6562172174453735 0 0 0.033728037029504776
   430   1.6894023418426514 0 0 0.03402968868613243
   440   1.7430424690246582 0 0 0.03331473097205162
   450   1.7248352766036987 0 0 0.033937569707632065
   460   1.658181071281433 0 0 0.03364996984601021
