l_NEW: 0.0, l_JD : 0.0, l_FMD: 0.06, l_MSE: 1.0, d_penalty: 0.0,step:15, L: 2, z_dim: 1, bs: 64, bit_rate: 2, s_b: False
| EPOCH |      PLF-JD     |      PLF-FMD    |      PLF-NEW    |      MSE        |
   1   0 3.831238031387329 0 0.02713819593191147
   10   0 2.938999652862549 0 0.028191665187478065
   20   0 2.529611349105835 0 0.029225023463368416
   30   0 2.2502212524414062 0 0.029399458318948746
   40   0 2.136079788208008 0 0.02943945676088333
   50   0 1.9307485818862915 0 0.029857845976948738
   60   0 1.873457431793213 0 0.029971953481435776
   70   0 1.7869713306427002 0 0.03007897548377514
   80   0 1.6911872625350952 0 0.0300288163125515
   90   0 1.6172375679016113 0 0.029832040891051292
   100   0 1.632789134979248 0 0.029139701277017593
   110   0 1.5403014421463013 0 0.029549242928624153
   120   0 1.542277455329895 0 0.029583077877759933
   130   0 1.4735246896743774 0 0.03052448481321335
   140   0 1.4544737339019775 0 0.02992449887096882
   150   0 1.3965191841125488 0 0.030511079356074333
   160   0 1.4432005882263184 0 0.02999904379248619
   170   0 1.3550163507461548 0 0.03032202646136284
   180   0 1.3180725574493408 0 0.030378051102161407
   190   0 1.3996340036392212 0 0.029530128464102745
   200   0 1.3005656003952026 0 0.02984767220914364
   210   0 1.2442408800125122 0 0.030400311574339867
   220   0 1.2750662565231323 0 0.029987437650561333
   230   0 1.2047759294509888 0 0.02977168746292591
   240   0 1.2144590616226196 0 0.02979866787791252
   250   0 1.234460473060608 0 0.0303401630371809
   260   0 1.1668810844421387 0 0.029991062358021736
   270   0 1.1469192504882812 0 0.0302857868373394
   280   0 1.0908859968185425 0 0.029969124123454094
