l_NEW: 0.0, l_JD : 0.0, l_FMD: 0.08, l_MSE: 1.0, d_penalty: 0.0, L: 2, z_dim: 2, bs: 64
| EPOCH |      PLF-JD     |      PLF-FMD    |      PLF-NEW    |      MSE        |
   1   0 2.3810343742370605 0 0.024202847853302956
   10   0 1.2963919639587402 0 0.02503918670117855
   20   0 1.1696821451187134 0 0.025976793840527534
   30   0 1.0142239332199097 0 0.025613117963075638
   40   0 1.064706563949585 0 0.025023531168699265
   50   0 0.926224410533905 0 0.025206131860613823
   60   0 0.9571919441223145 0 0.025650259107351303
   70   0 0.8441848754882812 0 0.026022981852293015
   80   0 0.8187886476516724 0 0.025508742779493332
   90   0 0.8107765913009644 0 0.02543855644762516
   100   0 0.7921894192695618 0 0.026205822825431824
   110   0 0.7741300463676453 0 0.025791838765144348
   120   0 0.7902645468711853 0 0.025699367746710777
   130   0 0.6771209239959717 0 0.025978948920965195
   140   0 0.7110684514045715 0 0.02554917335510254
   150   0 0.7181059122085571 0 0.025992397218942642
   160   0 0.6621725559234619 0 0.02622552216053009
   170   0 0.6981980800628662 0 0.02587544545531273
   180   0 0.6612346172332764 0 0.025586051866412163
   190   0 0.6503231525421143 0 0.025310829281806946
   200   0 0.6527093052864075 0 0.025612175464630127
   210   0 0.6510218381881714 0 0.025814875960350037
   220   0 0.6607533693313599 0 0.025556862354278564
Total Training Time: 10.289748013615608 hours 
l_NEW: 0.0, l_JD : 0.0, l_FMD: 0.08, l_MSE: 1.0, d_penalty: 0.0, L: 2, z_dim: 2, bs: 64
| EPOCH |      PLF-JD     |      PLF-FMD    |      PLF-NEW    |      MSE        |
   1   0 0.660500705242157 0 0.025599416345357895
   10   0 0.6439273953437805 0 0.02550944872200489
   20   0 0.6243206262588501 0 0.025112194940447807
   30   0 0.6236843466758728 0 0.025269024074077606
   40   0 0.6365013122558594 0 0.025516100227832794
   50   0 0.6179711818695068 0 0.025222955271601677
   60   0 0.5978178381919861 0 0.02531980350613594
   70   0 0.5779867172241211 0 0.025467004626989365
   80   0 0.5941565036773682 0 0.024754561483860016
Total Training Time: 3.7654243475198745 hours 
