l_NEW: 0.0, l_JD : 0.08, l_FMD: 0.0, l_MSE: 1.0, d_penalty: 0.0, L: 2, z_dim: 6, bs: 64
| EPOCH |      PLF-JD     |      PLF-FMD    |      PLF-NEW    |      MSE        |
   1   2.7982916831970215 0 0 0.01921953447163105
   10   1.9417150020599365 0 0 0.02356748841702938
   20   1.7702808380126953 0 0 0.024177948012948036
   30   1.6399661302566528 0 0 0.023910626769065857
   40   1.632460117340088 0 0 0.024180421605706215
   50   1.4600341320037842 0 0 0.024168547242879868
   60   1.4456725120544434 0 0 0.024165907874703407
   70   1.4253274202346802 0 0 0.023999487981200218
   80   1.4351989030838013 0 0 0.024017488583922386
   90   1.3253865242004395 0 0 0.024131974205374718
   100   1.3099462985992432 0 0 0.02418743446469307
   110   1.3130388259887695 0 0 0.02417413704097271
   120   1.2707092761993408 0 0 0.023844093084335327
   130   1.2910529375076294 0 0 0.023770758882164955
   140   1.2743231058120728 0 0 0.023809023201465607
   150   1.2911373376846313 0 0 0.02395903877913952
Total Training Time: 7.2079534851180185 hours 
l_NEW: 0.0, l_JD : 0.08, l_FMD: 0.0, l_MSE: 1.0, d_penalty: 0.0, L: 2, z_dim: 6, bs: 64
| EPOCH |      PLF-JD     |      PLF-FMD    |      PLF-NEW    |      MSE        |
   1   1.2597616910934448 0 0 0.02404046058654785
   10   1.2590205669403076 0 0 0.02423364669084549
   20   1.2668956518173218 0 0 0.023932330310344696
   30   1.2551878690719604 0 0 0.02377600409090519
   40   1.2578239440917969 0 0 0.02401183731853962
   50   1.2364815473556519 0 0 0.02376793883740902
   60   1.2336581945419312 0 0 0.023995017632842064
   70   1.1930795907974243 0 0 0.02379668690264225
   80   1.202904462814331 0 0 0.02402234822511673
   90   1.1947839260101318 0 0 0.02388119511306286
   100   1.2076497077941895 0 0 0.02404163032770157
   110   1.2304332256317139 0 0 0.023715876042842865
   120   1.227826714515686 0 0 0.023714065551757812
   130   1.2089941501617432 0 0 0.023855356499552727
   140   1.1861529350280762 0 0 0.023818090558052063
   150   1.2098249197006226 0 0 0.023890305310487747
Total Training Time: 7.314296450018883 hours 
