l_NEW: 0.0, l_JD : 0.025, l_FMD: 0.0, l_MSE: 1.0, d_penalty: 0.0, L: 2, z_dim: 8, bs: 64
| EPOCH |      PLF-JD     |      PLF-FMD    |      PLF-NEW    |      MSE        |
   1   3.8757119178771973 0 0 0.01672271452844143
   10   3.3031115531921387 0 0 0.019914766773581505
   20   3.477846622467041 0 0 0.019774921238422394
   30   3.5047049522399902 0 0 0.019486568868160248
   40   3.5658822059631348 0 0 0.01872897520661354
   50   3.6474485397338867 0 0 0.018004465848207474
   60   3.618838310241699 0 0 0.01758122444152832
   70   3.7778944969177246 0 0 0.017468731850385666
   80   3.6580169200897217 0 0 0.017063254490494728
   90   3.7824182510375977 0 0 0.016699273139238358
   100   3.758633613586426 0 0 0.016342153772711754
   110   3.782231569290161 0 0 0.01653345488011837
   120   3.7948145866394043 0 0 0.016421593725681305
   130   3.8087985515594482 0 0 0.01628776825964451
   140   3.817584753036499 0 0 0.01608133129775524
   150   3.922764778137207 0 0 0.015809733420610428
   160   3.8459746837615967 0 0 0.016004404053092003
   170   3.865633010864258 0 0 0.01576193794608116
   180   3.8121700286865234 0 0 0.01571103185415268
   190   3.8568835258483887 0 0 0.015333043411374092
   200   3.8683438301086426 0 0 0.015235609374940395
   210   3.919062614440918 0 0 0.015502959489822388
   220   3.90912127494812 0 0 0.015297542326152325
   230   3.8869876861572266 0 0 0.015446326695382595
   240   3.928116798400879 0 0 0.015204506926238537
   250   3.9325029850006104 0 0 0.015308934263885021
Total Training Time: 11.908794567783673 hours 
l_NEW: 0.0, l_JD : 0.025, l_FMD: 0.0, l_MSE: 1.0, d_penalty: 0.0, L: 2, z_dim: 8, bs: 64
| EPOCH |      PLF-JD     |      PLF-FMD    |      PLF-NEW    |      MSE        |
   1   3.9191136360168457 0 0 0.015367497690021992
   10   3.8663747310638428 0 0 0.015211991034448147
   20   3.8662590980529785 0 0 0.015047358348965645
   30   3.8288426399230957 0 0 0.015377144329249859
   40   3.891387939453125 0 0 0.015067346394062042
   50   3.933069944381714 0 0 0.015056174248456955
Total Training Time: 2.3690070301294326 hours 
