l_NEW: 0.0, l_JD : 0.0, l_FMD: 0.08, l_MSE: 1.0, d_penalty: 0.0,step:15, L: 2, z_dim: 1, bs: 64, bit_rate: 2, s_b: False
| EPOCH |      PLF-JD     |      PLF-FMD    |      PLF-NEW    |      MSE        |
   1   0 3.7566215991973877 0 0.02677905559539795
   10   0 3.2011735439300537 0 0.027811672538518906
   20   0 2.5634539127349854 0 0.0288021732121706
   30   0 2.286386489868164 0 0.029234066605567932
   40   0 2.0789616107940674 0 0.0297088660299778
   50   0 1.8580459356307983 0 0.030117537826299667
   60   0 1.7763458490371704 0 0.03024652786552906
   70   0 1.7028083801269531 0 0.029814202338457108
   80   0 1.6710246801376343 0 0.030093209818005562
   90   0 1.5928027629852295 0 0.030237138271331787
   100   0 1.6289924383163452 0 0.030955713242292404
   110   0 1.5640448331832886 0 0.030349332839250565
   120   0 1.464400053024292 0 0.03047904558479786
   130   0 1.5055615901947021 0 0.030223874375224113
   140   0 1.4416253566741943 0 0.029673414304852486
   150   0 1.425624966621399 0 0.030330147594213486
   160   0 1.436850666999817 0 0.030176058411598206
   170   0 1.457568645477295 0 0.03052837960422039
   180   0 1.3892616033554077 0 0.030592309311032295
   190   0 1.4016449451446533 0 0.03035309910774231
   200   0 1.4001227617263794 0 0.030846651643514633
   210   0 1.371908187866211 0 0.03139915689826012
   220   0 1.3225997686386108 0 0.030911646783351898
   230   0 1.2774317264556885 0 0.030104124918580055
   240   0 1.2148433923721313 0 0.0303080752491951
   250   0 1.1995424032211304 0 0.030425088480114937
   260   0 1.1935920715332031 0 0.03068859875202179
   270   0 1.2192133665084839 0 0.030686410143971443
