l_NEW: 0.04, l_JD : 0.0, l_FMD: 0.0, l_MSE: 1.0, d_penalty: 0.0, L: 2, z_dim: 6, bs: 64
| EPOCH |      PLF-JD     |      PLF-FMD    |      PLF-NEW    |      MSE        |
   1   0 0 1.5573664903640747 0.015806930139660835
   10   0 0 1.2627288103103638 0.016793888062238693
   20   0 0 1.2113925218582153 0.016638847067952156
   30   0 0 1.1842893362045288 0.01653699204325676
   40   0 0 1.1795217990875244 0.016415275633335114
   50   0 0 1.0988603830337524 0.016645444557070732
   60   0 0 1.1114131212234497 0.01665566675364971
   70   0 0 1.113914966583252 0.01660957746207714
   80   0 0 1.096688985824585 0.016745466738939285
   90   0 0 1.0702288150787354 0.01657022535800934
   100   0 0 1.0628302097320557 0.016747955232858658
   110   0 0 1.0301522016525269 0.016840213909745216
   120   0 0 1.0219106674194336 0.016725676134228706
   130   0 0 0.9948638081550598 0.016601555049419403
   140   0 0 0.9639303684234619 0.016833467409014702
   150   0 0 0.9481332898139954 0.016730917617678642
Total Training Time: 7.51417471004857 hours 
l_NEW: 0.04, l_JD : 0.0, l_FMD: 0.0, l_MSE: 1.0, d_penalty: 0.0, L: 2, z_dim: 6, bs: 64
| EPOCH |      PLF-JD     |      PLF-FMD    |      PLF-NEW    |      MSE        |
   1   0 0 0.9698978066444397 0.017045224085450172
   10   0 0 0.9668693542480469 0.01667887531220913
   20   0 0 0.9558519721031189 0.01717020943760872
   30   0 0 0.9430582523345947 0.016981100663542747
   40   0 0 0.8966962695121765 0.016874516382813454
   50   0 0 0.9100897908210754 0.016639849171042442
   60   0 0 0.9148712754249573 0.0168877262622118
   70   0 0 0.9077609777450562 0.01670350506901741
   80   0 0 0.9025171399116516 0.01691572554409504
   90   0 0 0.855936586856842 0.016937794163823128
   100   0 0 0.8689159750938416 0.016730844974517822
   110   0 0 0.8958171606063843 0.01671278104186058
   120   0 0 0.877541720867157 0.016802331432700157
   130   0 0 0.8718281984329224 0.017050279304385185
   140   0 0 0.8494459986686707 0.01681220903992653
   150   0 0 0.809246301651001 0.016931330785155296
Total Training Time: 7.5673762814203895 hours 
