l_NEW: 0.0, l_JD : 0.0, l_FMD: 0.01, l_MSE: 1.0, d_penalty: 0.0, L: 2, z_dim: 1, bs: 64
| EPOCH |      PLF-JD     |      PLF-FMD    |      PLF-NEW    |      MSE        |
   1   0 2.4907002449035645 0 0.02246467024087906
   10   0 1.4585801362991333 0 0.0235835462808609
   20   0 1.227616786956787 0 0.024095585569739342
   30   0 1.1835687160491943 0 0.023858459666371346
   40   0 1.1750682592391968 0 0.023802772164344788
   50   0 0.9915335178375244 0 0.024419130757451057
   60   0 1.066418170928955 0 0.024139750748872757
   70   0 0.9508823156356812 0 0.024360770359635353
   80   0 0.9775175452232361 0 0.024130145087838173
   90   0 0.8662420511245728 0 0.02475142292678356
   100   0 0.9307947754859924 0 0.023886363953351974
   110   0 0.8681218028068542 0 0.024299321696162224
   120   0 0.8830413222312927 0 0.02425547130405903
   130   0 0.8750633597373962 0 0.024271346628665924
   140   0 0.8640392422676086 0 0.02431359328329563
   150   0 0.7953044176101685 0 0.024498315528035164
   160   0 0.8098492622375488 0 0.02420394867658615
   170   0 0.8268523812294006 0 0.024364609271287918
   180   0 0.7694787979125977 0 0.024461612105369568
   190   0 0.7889147400856018 0 0.02433738112449646
   200   0 0.7730687856674194 0 0.024121690541505814
   210   0 0.7566999197006226 0 0.024399133399128914
   220   0 0.7363616824150085 0 0.02451186813414097
Total Training Time: 10.276154024203619 hours 
l_NEW: 0.0, l_JD : 0.0, l_FMD: 0.01, l_MSE: 1.0, d_penalty: 0.0, L: 2, z_dim: 1, bs: 64
| EPOCH |      PLF-JD     |      PLF-FMD    |      PLF-NEW    |      MSE        |
   1   0 0.7391718029975891 0 0.024448486045002937
   10   0 0.7591412663459778 0 0.024187633767724037
   20   0 0.729033350944519 0 0.0244884230196476
   30   0 0.7126215100288391 0 0.0244742464274168
   40   0 0.6864463090896606 0 0.024446576833724976
   50   0 0.7272015810012817 0 0.024265632033348083
   60   0 0.6721019148826599 0 0.024465063586831093
   70   0 0.6879085898399353 0 0.024167731404304504
   80   0 0.6913521885871887 0 0.024072103202342987
Total Training Time: 3.9252018827199935 hours 
