l_NEW: 0.0, l_JD : 0.0, l_FMD: 0.03, l_MSE: 1.0, d_penalty: 0.0,step:15, L: 2, z_dim: 1, bs: 64, bit_rate: 2, s_b: False
| EPOCH |      PLF-JD     |      PLF-FMD    |      PLF-NEW    |      MSE        |
   1   0 3.8217039108276367 0 0.025983566418290138
   10   0 3.073253631591797 0 0.026839712634682655
   20   0 2.749727964401245 0 0.02753160335123539
   30   0 2.291731595993042 0 0.028179416432976723
   40   0 2.1324825286865234 0 0.02829626388847828
   50   0 2.0545103549957275 0 0.02804979495704174
   60   0 1.7771333456039429 0 0.028592972084879875
   70   0 1.6752793788909912 0 0.02851594053208828
   80   0 1.6900124549865723 0 0.02886643446981907
   90   0 1.6279300451278687 0 0.02810029685497284
   100   0 1.5710277557373047 0 0.028503431007266045
   110   0 1.537508487701416 0 0.029356438666582108
   120   0 1.5005813837051392 0 0.02884177304804325
   130   0 1.4619942903518677 0 0.028666378930211067
   140   0 1.4434281587600708 0 0.02916669100522995
   150   0 1.3656004667282104 0 0.028698978945612907
   160   0 1.375546932220459 0 0.029142843559384346
   170   0 1.3657267093658447 0 0.028916172683238983
   180   0 1.3560844659805298 0 0.02877679653465748
   190   0 1.3121105432510376 0 0.02902642823755741
   200   0 1.2575457096099854 0 0.0293881855905056
   210   0 1.2362072467803955 0 0.0291352067142725
   220   0 1.2445274591445923 0 0.02916352078318596
   230   0 1.2497295141220093 0 0.02972813881933689
   240   0 1.2130039930343628 0 0.02911965362727642
   250   0 1.1886029243469238 0 0.02953653410077095
   260   0 1.1403218507766724 0 0.029159311205148697
   270   0 1.143998384475708 0 0.029285592958331108
   280   0 1.132768988609314 0 0.029507946223020554
