l_NEW: 0.0, l_JD : 0.04, l_FMD: 0.0, l_MSE: 1.0, d_penalty: 0.0,step:[11, 5], L: 2, z_dim: 1, bs: 64, bit_rate: 2, s_b: False
| EPOCH |      PLF-JD     |      PLF-FMD    |      PLF-NEW    |      MSE        |
   1   2.299274444580078 0 0 0.029300477355718613
   10   2.16056489944458 0 0 0.030570896342396736
   20   1.737122654914856 0 0 0.03270025923848152
   30   1.5456849336624146 0 0 0.03324627876281738
   40   1.3601704835891724 0 0 0.03359327092766762
   50   1.2767183780670166 0 0 0.03255467116832733
   60   1.3228446245193481 0 0 0.03307424485683441
   70   1.2071013450622559 0 0 0.032721877098083496
   80   1.2397844791412354 0 0 0.03158075362443924
   90   1.3377649784088135 0 0 0.03281068801879883
   100   1.312404751777649 0 0 0.03150801733136177
   110   1.3807075023651123 0 0 0.03291795030236244
