l_NEW: 0.0, l_JD : 0.005, l_FMD: 0.0, l_MSE: 1.0, d_penalty: 0.0,step:15, L: 2, z_dim: 1, bs: 64, bit_rate: 2, s_b: False
| EPOCH |      PLF-JD     |      PLF-FMD    |      PLF-NEW    |      MSE        |
   1   4.854238033294678 0 0 0.02128862962126732
   10   4.3138346672058105 0 0 0.022012637928128242
   20   3.746033191680908 0 0 0.022641757503151894
   30   3.394498109817505 0 0 0.023150237277150154
   40   3.2268078327178955 0 0 0.02355380356311798
   50   3.0103044509887695 0 0 0.024265702813863754
   60   2.918388605117798 0 0 0.024278566241264343
   70   2.8406777381896973 0 0 0.024433046579360962
   80   2.782593011856079 0 0 0.024332907050848007
   90   2.782557487487793 0 0 0.024510378018021584
   100   2.598963737487793 0 0 0.024800052866339684
   110   2.620522975921631 0 0 0.024777663871645927
   120   2.5317065715789795 0 0 0.025179268792271614
   130   2.3679895401000977 0 0 0.025485243648290634
   140   2.289641857147217 0 0 0.025270728394389153
   150   2.3615505695343018 0 0 0.025286927819252014
Total Training Time: 6.604286110533608 hours 
l_NEW: 0.0, l_JD : 0.005, l_FMD: 0.0, l_MSE: 1.0, d_penalty: 0.0,step:15, L: 2, z_dim: 1, bs: 64, bit_rate: 2, s_b: False
| EPOCH |      PLF-JD     |      PLF-FMD    |      PLF-NEW    |      MSE        |
   1   2.5491902828216553 0 0 0.025025684386491776
   10   2.407947301864624 0 0 0.025393452495336533
   20   2.2804110050201416 0 0 0.025417625904083252
   30   2.2194039821624756 0 0 0.025540851056575775
   40   2.1559319496154785 0 0 0.02556786872446537
   50   2.1241283416748047 0 0 0.025440948083996773
   60   2.143246650695801 0 0 0.025501815602183342
   70   2.1585540771484375 0 0 0.025457298383116722
   80   2.0548899173736572 0 0 0.025547729805111885
   90   2.0557615756988525 0 0 0.02563217096030712
   100   2.1411612033843994 0 0 0.025738827884197235
   110   2.1386640071868896 0 0 0.025509063154459
   120   2.006681442260742 0 0 0.025854619219899178
   130   2.048570156097412 0 0 0.02549843303859234
   140   2.0141870975494385 0 0 0.025814849883317947
   150   2.0735950469970703 0 0 0.025468876585364342
Total Training Time: 6.677017024623023 hours 
l_NEW: 0.0, l_JD : 0.005, l_FMD: 0.0, l_MSE: 1.0, d_penalty: 0.0,step:15, L: 2, z_dim: 1, bs: 64, bit_rate: 2, s_b: False
| EPOCH |      PLF-JD     |      PLF-FMD    |      PLF-NEW    |      MSE        |
   1   1.9991024732589722 0 0 0.02579539269208908
   10   1.991460919380188 0 0 0.0257833544164896
   20   1.8917502164840698 0 0 0.025986751541495323
   30   1.9175407886505127 0 0 0.025979092344641685
   40   1.9945801496505737 0 0 0.0257064551115036
   50   1.9265092611312866 0 0 0.02594410441815853
   60   1.913256049156189 0 0 0.025776531547307968
   70   1.8648381233215332 0 0 0.02613360807299614
   80   1.9300439357757568 0 0 0.025662461295723915
   90   1.8505213260650635 0 0 0.025912290439009666
   100   1.9112094640731812 0 0 0.025765590369701385
   110   1.841398000717163 0 0 0.025841277092695236
   120   2.0032243728637695 0 0 0.025450730696320534
   130   1.8057564496994019 0 0 0.02612101100385189
   140   1.7486779689788818 0 0 0.026059886440634727
   150   1.735852599143982 0 0 0.026314526796340942
Total Training Time: 6.628719583352407 hours 
