l_NEW: 0.0, l_JD : 0.03, l_FMD: 0.0, l_MSE: 1.0, d_penalty: 0.0,step:[11, 5], L: 2, z_dim: 1, bs: 64, bit_rate: 2, s_b: False
| EPOCH |      PLF-JD     |      PLF-FMD    |      PLF-NEW    |      MSE        |
   1   2.43516206741333 0 0 0.028952447697520256
   10   2.0040438175201416 0 0 0.0327640175819397
   20   1.5232925415039062 0 0 0.033571258187294006
   30   1.4183002710342407 0 0 0.033381927758455276
   40   1.4312955141067505 0 0 0.03305116668343544
   50   1.2474839687347412 0 0 0.03307047113776207
   60   1.3251948356628418 0 0 0.033270955085754395
   70   1.3975292444229126 0 0 0.03264603018760681
   80   1.2992726564407349 0 0 0.03236941248178482
   90   1.1919463872909546 0 0 0.03372718766331673
   100   1.3122478723526 0 0 0.033557355403900146
   110   1.2710999250411987 0 0 0.03340650722384453
