l_NEW: 0.0, l_JD : 0.08, l_FMD: 0.0, l_MSE: 1.0, d_penalty: 0.0, L: 2, z_dim: 1, bs: 64
| EPOCH |      PLF-JD     |      PLF-FMD    |      PLF-NEW    |      MSE        |
   1   2.4224472045898438 0 0 0.026040326803922653
   10   1.9075003862380981 0 0 0.02619030699133873
   20   1.749862790107727 0 0 0.02712905965745449
   30   1.6092332601547241 0 0 0.027776630595326424
   40   1.543383240699768 0 0 0.028265047818422318
   50   1.5161614418029785 0 0 0.02832408808171749
   60   1.4740777015686035 0 0 0.029076075181365013
   70   1.4080359935760498 0 0 0.028832385316491127
   80   1.392518401145935 0 0 0.0287229735404253
   90   1.265577793121338 0 0 0.02936725690960884
   100   1.3478854894638062 0 0 0.029043693095445633
   110   1.35410737991333 0 0 0.0291130430996418
   120   1.2911244630813599 0 0 0.028911394998431206
   130   1.31696355342865 0 0 0.028733596205711365
   140   1.2952730655670166 0 0 0.029013214632868767
   150   1.2884724140167236 0 0 0.028995929285883904
Total Training Time: 7.466776282456186 hours 
l_NEW: 0.0, l_JD : 0.08, l_FMD: 0.0, l_MSE: 1.0, d_penalty: 0.0, L: 2, z_dim: 1, bs: 64
| EPOCH |      PLF-JD     |      PLF-FMD    |      PLF-NEW    |      MSE        |
   1   1.2795937061309814 0 0 0.02923763357102871
   10   1.297204852104187 0 0 0.029497165232896805
   20   1.2285884618759155 0 0 0.029206404462456703
   30   1.1925699710845947 0 0 0.028976667672395706
   40   1.2477188110351562 0 0 0.02887706831097603
   50   1.167985439300537 0 0 0.028851157054305077
   60   1.2533921003341675 0 0 0.02887420356273651
   70   1.2093501091003418 0 0 0.029264114797115326
   80   1.2218220233917236 0 0 0.028785422444343567
   90   1.225145936012268 0 0 0.028986839577555656
   100   1.2352615594863892 0 0 0.028507597744464874
   110   1.2205768823623657 0 0 0.02875009924173355
   120   1.2442948818206787 0 0 0.028551889583468437
   130   1.2423204183578491 0 0 0.028955066576600075
   140   1.2196190357208252 0 0 0.02877860516309738
   150   1.2219562530517578 0 0 0.028814591467380524
Total Training Time: 7.550749745104048 hours 
