l_NEW: 0.0, l_JD : 0.0, l_FMD: 0.01, l_MSE: 1.0, d_penalty: 0.0,step:15, L: 2, z_dim: 1, bs: 64, bit_rate: 2, s_b: False
| EPOCH |      PLF-JD     |      PLF-FMD    |      PLF-NEW    |      MSE        |
   1   0 2.180309295654297 0 0.027547096833586693
l_NEW: 0.0, l_JD : 0.0, l_FMD: 0.01, l_MSE: 1.0, d_penalty: 0.0,step:15, L: 2, z_dim: 1, bs: 64, bit_rate: 2, s_b: False
| EPOCH |      PLF-JD     |      PLF-FMD    |      PLF-NEW    |      MSE        |
   1   0 4.1354899406433105 0 0.023159723728895187
   10   0 3.1417925357818604 0 0.025218136608600616
   20   0 2.7810144424438477 0 0.025012973695993423
   30   0 2.3765974044799805 0 0.02570069022476673
   40   0 2.1178970336914062 0 0.025835160166025162
   50   0 1.9602938890457153 0 0.026125796139240265
   60   0 1.9848932027816772 0 0.025995932519435883
   70   0 1.8534685373306274 0 0.026260633021593094
   80   0 1.7459256649017334 0 0.02657179720699787
   90   0 1.6623611450195312 0 0.026669099926948547
   100   0 1.656575083732605 0 0.026241125538945198
   110   0 1.638655424118042 0 0.026796121150255203
   120   0 1.619321346282959 0 0.026558363810181618
   130   0 1.5463404655456543 0 0.027015404775738716
   140   0 1.535966157913208 0 0.027391651645302773
   150   0 1.507106900215149 0 0.026848146691918373
   160   0 1.5465012788772583 0 0.026696112006902695
   170   0 1.4798582792282104 0 0.02680915966629982
   180   0 1.4357619285583496 0 0.02686050720512867
   190   0 1.424425721168518 0 0.026734938845038414
   200   0 1.4563755989074707 0 0.02649606391787529
   210   0 1.397718906402588 0 0.027301128953695297
   220   0 1.2801536321640015 0 0.02692929282784462
   230   0 1.3026658296585083 0 0.026974279433488846
   240   0 1.269943356513977 0 0.02696894481778145
   250   0 1.254827618598938 0 0.02704325132071972
   260   0 1.2535474300384521 0 0.027200903743505478
   270   0 1.2917022705078125 0 0.026929596439003944
   280   0 1.229569673538208 0 0.027194255962967873
   290   0 1.20651376247406 0 0.0272375475615263
   300   0 1.1574338674545288 0 0.02750769630074501
Total Training Time: 12.962227567169402 hours 
