l_NEW: 0.0, l_JD : 0.005, l_FMD: 0.0, l_MSE: 1.0, d_penalty: 0.0, L: 2, z_dim: 2, bs: 64
| EPOCH |      PLF-JD     |      PLF-FMD    |      PLF-NEW    |      MSE        |
   1   3.1407954692840576 0 0 0.017737332731485367
   10   2.271528720855713 0 0 0.019930250942707062
   20   2.265568733215332 0 0 0.020188668742775917
   30   2.1608545780181885 0 0 0.020551731809973717
   40   2.0991733074188232 0 0 0.020773600786924362
   50   1.9680637121200562 0 0 0.020886749029159546
   60   1.9794533252716064 0 0 0.02095905877649784
   70   1.9689997434616089 0 0 0.020955849438905716
Total Training Time: 3.4568620279100206 hours 
l_NEW: 0.0, l_JD : 0.005, l_FMD: 0.0, l_MSE: 1.0, d_penalty: 0.0, L: 2, z_dim: 2, bs: 64
| EPOCH |      PLF-JD     |      PLF-FMD    |      PLF-NEW    |      MSE        |
   1   1.9286283254623413 0 0 0.021540293470025063
   10   1.9207475185394287 0 0 0.02115449123084545
   20   1.8050777912139893 0 0 0.021074770018458366
   30   1.792060375213623 0 0 0.02131820097565651
   40   1.8297501802444458 0 0 0.02120150439441204
   50   1.775336503982544 0 0 0.02143728733062744
   60   1.74412202835083 0 0 0.021295256912708282
   70   1.8268086910247803 0 0 0.021231938153505325
Total Training Time: 3.4575837967793146 hours 
l_NEW: 0.0, l_JD : 0.005, l_FMD: 0.0, l_MSE: 1.0, d_penalty: 0.0, L: 2, z_dim: 2, bs: 64
| EPOCH |      PLF-JD     |      PLF-FMD    |      PLF-NEW    |      MSE        |
   1   1.710998296737671 0 0 0.021389532834291458
   10   1.7355486154556274 0 0 0.021366145461797714
   20   1.6300742626190186 0 0 0.02144450508058071
   30   1.7272688150405884 0 0 0.0214608795940876
   40   1.5616601705551147 0 0 0.02173476293683052
   50   1.598300576210022 0 0 0.0215840432792902
   60   1.6130626201629639 0 0 0.021465430036187172
   70   1.6285699605941772 0 0 0.02134876511991024
Total Training Time: 3.4404239155186547 hours 
l_NEW: 0.0, l_JD : 0.005, l_FMD: 0.0, l_MSE: 1.0, d_penalty: 0.0, L: 2, z_dim: 2, bs: 64
| EPOCH |      PLF-JD     |      PLF-FMD    |      PLF-NEW    |      MSE        |
   1   1.6347835063934326 0 0 0.02154025435447693
   10   1.5203782320022583 0 0 0.021807333454489708
   20   1.5452381372451782 0 0 0.021629013121128082
   30   1.5632718801498413 0 0 0.021514466032385826
   40   1.5714060068130493 0 0 0.021376095712184906
   50   1.476651906967163 0 0 0.021817758679389954
   60   1.4993687868118286 0 0 0.021773826330900192
   70   1.5021779537200928 0 0 0.021601421758532524
l_NEW: 0.0, l_JD : 0.005, l_FMD: 0.0, l_MSE: 1.0, d_penalty: 0.0, L: 2, z_dim: 2, bs: 64
| EPOCH |      PLF-JD     |      PLF-FMD    |      PLF-NEW    |      MSE        |
   1   1.5349501371383667 0 0 0.021466489881277084
   10   1.5474129915237427 0 0 0.021504107862710953
   20   1.5658361911773682 0 0 0.02148974873125553
Total Training Time: 1.0262935965591007 hours 
