l_NEW: 0.0, l_JD : 0.14, l_FMD: 0.0, l_MSE: 1.0, d_penalty: 0.0,step:20, L: 2, z_dim: 1, bs: 64, bit_rate: 2, s_b: False, dataset:mmnist_4_axis_random_sample_step
| EPOCH |      PLF-JD     |      PLF-FMD    |      PLF-NEW    |      MSE        |
   1   4.705052375793457 0 0 0.030869964510202408
   10   3.957062005996704 0 0 0.03552272170782089
   20   3.3719356060028076 0 0 0.03480960428714752
   30   3.1856882572174072 0 0 0.034146253019571304
   40   2.9127376079559326 0 0 0.03512170910835266
   50   2.812979221343994 0 0 0.03439300134778023
   60   2.7923381328582764 0 0 0.035292256623506546
   70   2.5964114665985107 0 0 0.034400101751089096
   80   2.471175193786621 0 0 0.03499417379498482
   90   2.468010187149048 0 0 0.035645633935928345
   100   2.4494683742523193 0 0 0.036624688655138016
   110   2.3487603664398193 0 0 0.03677065670490265
   120   2.343393087387085 0 0 0.03527354076504707
   130   2.4436259269714355 0 0 0.03590703010559082
   140   2.4966378211975098 0 0 0.03619833663105965
   150   2.456536293029785 0 0 0.03518683835864067
   160   2.504997968673706 0 0 0.036591723561286926
   170   2.496826171875 0 0 0.03719564154744148
   180   2.4581756591796875 0 0 0.03693780675530434
   190   2.4444994926452637 0 0 0.036408599466085434
   200   2.4147684574127197 0 0 0.0361243411898613
   210   2.3782849311828613 0 0 0.03586040437221527
   220   2.308481454849243 0 0 0.035629015415906906
   230   2.2640769481658936 0 0 0.03559896722435951
   240   2.2977066040039062 0 0 0.035776518285274506
   250   2.2776002883911133 0 0 0.03548021987080574
   260   2.267052173614502 0 0 0.03755294531583786
   270   2.3333911895751953 0 0 0.036149151623249054
   280   2.315439224243164 0 0 0.036449164152145386
   290   2.166844606399536 0 0 0.03652007132768631
   300   2.115351438522339 0 0 0.03687509894371033
   310   2.11624813079834 0 0 0.03652941808104515
   320   2.1349098682403564 0 0 0.03759242966771126
   330   2.0493597984313965 0 0 0.03743467852473259
   340   2.008601665496826 0 0 0.03759765625
   350   2.0441877841949463 0 0 0.03719974309206009
   360   1.9475430250167847 0 0 0.038157664239406586
   370   1.8781574964523315 0 0 0.03744949772953987
   380   1.8601269721984863 0 0 0.03709845989942551
   390   1.8495526313781738 0 0 0.03795403987169266
   400   1.8180161714553833 0 0 0.03787975013256073
   410   1.8177913427352905 0 0 0.03748331218957901
   420   1.7697471380233765 0 0 0.0375487357378006
   430   1.7528152465820312 0 0 0.03698477894067764
   440   1.8251150846481323 0 0 0.03758862987160683
   450   1.7044485807418823 0 0 0.03775356337428093
   460   1.7448195219039917 0 0 0.03805406019091606
   470   1.6928389072418213 0 0 0.03782925754785538
   480   1.6156092882156372 0 0 0.037979405373334885
   490   1.5991575717926025 0 0 0.03851712495088577
l_NEW: 0.0, l_JD : 0.14, l_FMD: 0.0, l_MSE: 1.0, d_penalty: 0.0,step:20, L: 2, z_dim: 1, bs: 64, bit_rate: 2, s_b: False, dataset:mmnist_4_axis_random_sample_step
| EPOCH |      PLF-JD     |      PLF-FMD    |      PLF-NEW    |      MSE        |
   1   3.175260543823242 0 0 0.037714798003435135
   10   2.4657156467437744 0 0 0.03932129964232445
   20   2.2129595279693604 0 0 0.037936482578516006
   30   2.1386728286743164 0 0 0.03928573802113533
   40   2.0087668895721436 0 0 0.04005492478609085
   50   1.7186256647109985 0 0 0.03919563069939613
   60   1.6262089014053345 0 0 0.038781341165304184
   70   1.5463035106658936 0 0 0.04096725210547447
   80   1.3331364393234253 0 0 0.03919520601630211
   90   1.4524916410446167 0 0 0.03925098478794098
   100   1.4709300994873047 0 0 0.04037536680698395
   110   1.336037516593933 0 0 0.03883027285337448
   120   1.3513654470443726 0 0 0.03978715091943741
   130   1.130864143371582 0 0 0.03910885006189346
   140   1.04941987991333 0 0 0.039938557893037796
   150   1.0347843170166016 0 0 0.039724864065647125
   160   1.064203143119812 0 0 0.038919851183891296
   170   0.955922544002533 0 0 0.039676766842603683
   180   0.9609482884407043 0 0 0.03950006142258644
   190   0.8823060393333435 0 0 0.03966841474175453
   200   0.8298088908195496 0 0 0.04042956605553627
   210   0.8809431791305542 0 0 0.040036097168922424
   220   0.8212891817092896 0 0 0.03958665207028389
   230   0.8283474445343018 0 0 0.04104136303067207
   240   0.787268340587616 0 0 0.04068899154663086
   250   0.7631988525390625 0 0 0.03974761813879013
   260   0.751261293888092 0 0 0.04090118780732155
   270   0.8004589676856995 0 0 0.03985890746116638
   280   0.69022136926651 0 0 0.04051966592669487
   290   0.6708217263221741 0 0 0.040681079030036926
   300   0.6730779409408569 0 0 0.04062184318900108
Total Training Time: 7.158306208517816 hours 
