l_NEW: 0.0, l_JD : 0.0, l_FMD: 0.008, l_MSE: 1.0, d_penalty: 0.0, L: 2, z_dim: 2, bs: 64
| EPOCH |      PLF-JD     |      PLF-FMD    |      PLF-NEW    |      MSE        |
   1   0 2.464705228805542 0 0.019246483221650124
   10   0 1.436903953552246 0 0.021229742094874382
   20   0 1.2892838716506958 0 0.021768182516098022
   30   0 1.2533138990402222 0 0.021309280768036842
   40   0 1.1714489459991455 0 0.021109258756041527
   50   0 1.1462445259094238 0 0.021581033244729042
   60   0 1.0905712842941284 0 0.021346570923924446
   70   0 1.062477469444275 0 0.02133297175168991
   80   0 1.0572623014450073 0 0.0211265180259943
   90   0 1.0957510471343994 0 0.021247977390885353
   100   0 1.0759378671646118 0 0.02118750661611557
   110   0 1.0035948753356934 0 0.02161754108965397
   120   0 1.044098138809204 0 0.0212799534201622
   130   0 0.9676287174224854 0 0.021700015291571617
   140   0 0.8969041705131531 0 0.021703572943806648
   150   0 0.855464518070221 0 0.021903201937675476
   160   0 0.8820998072624207 0 0.0219163428992033
   170   0 0.9482859373092651 0 0.02140938863158226
   180   0 0.8672447204589844 0 0.0217424388974905
   190   0 0.895643949508667 0 0.02155011147260666
   200   0 0.8328694701194763 0 0.02181428112089634
   210   0 0.875117301940918 0 0.021784430369734764
   220   0 0.9010521769523621 0 0.021723294630646706
Total Training Time: 10.669430541462368 hours 
l_NEW: 0.0, l_JD : 0.0, l_FMD: 0.008, l_MSE: 1.0, d_penalty: 0.0, L: 2, z_dim: 2, bs: 64
| EPOCH |      PLF-JD     |      PLF-FMD    |      PLF-NEW    |      MSE        |
   1   0 0.9083039164543152 0 0.021559419110417366
   10   0 0.8372741937637329 0 0.021684838458895683
   20   0 0.8503904342651367 0 0.021566662937402725
   30   0 0.845222532749176 0 0.021634340286254883
   40   0 0.8521785140037537 0 0.021483901888132095
   50   0 0.7875163555145264 0 0.02180655486881733
   60   0 0.8190838098526001 0 0.021526584401726723
   70   0 0.7829894423484802 0 0.021821117028594017
   80   0 0.7353907227516174 0 0.021836625412106514
Total Training Time: 3.7536318814754486 hours 
