l_NEW: 0.0, l_JD : 0.002, l_FMD: 0.0, l_MSE: 1.0, d_penalty: 0.0, L: 2, z_dim: 2, bs: 64
| EPOCH |      PLF-JD     |      PLF-FMD    |      PLF-NEW    |      MSE        |
   1   4.568789005279541 0 0 0.014963582158088684
   10   4.029855251312256 0 0 0.015709225088357925
   20   3.810058355331421 0 0 0.01568826660513878
   30   3.876565933227539 0 0 0.015952639281749725
   40   3.765660285949707 0 0 0.01592995785176754
   50   3.8117566108703613 0 0 0.01609596610069275
   60   3.594552993774414 0 0 0.0161756444722414
   70   3.594627618789673 0 0 0.01621616631746292
Total Training Time: 3.375034786661466 hours 
l_NEW: 0.0, l_JD : 0.002, l_FMD: 0.0, l_MSE: 1.0, d_penalty: 0.0, L: 2, z_dim: 2, bs: 64
| EPOCH |      PLF-JD     |      PLF-FMD    |      PLF-NEW    |      MSE        |
   1   3.718278646469116 0 0 0.016202645376324654
   10   3.583094596862793 0 0 0.016085632145404816
   20   3.610494375228882 0 0 0.016178810968995094
   30   3.4785728454589844 0 0 0.016272416338324547
   40   3.5347633361816406 0 0 0.016334168612957
   50   3.6332128047943115 0 0 0.01627221144735813
   60   3.461352825164795 0 0 0.01658894307911396
   70   3.4299609661102295 0 0 0.016317950561642647
Total Training Time: 3.5359488611751133 hours 
l_NEW: 0.0, l_JD : 0.002, l_FMD: 0.0, l_MSE: 1.0, d_penalty: 0.0, L: 2, z_dim: 2, bs: 64
| EPOCH |      PLF-JD     |      PLF-FMD    |      PLF-NEW    |      MSE        |
   1   3.5953927040100098 0 0 0.016287654638290405
   10   3.5148837566375732 0 0 0.016210416331887245
   20   3.4653940200805664 0 0 0.01635994389653206
   30   3.5212156772613525 0 0 0.016243120655417442
   40   3.3396084308624268 0 0 0.016401968896389008
   50   3.4472241401672363 0 0 0.016328683122992516
   60   3.4496090412139893 0 0 0.01647825725376606
   70   3.3899543285369873 0 0 0.01627817191183567
Total Training Time: 3.426696751978662 hours 
l_NEW: 0.0, l_JD : 0.002, l_FMD: 0.0, l_MSE: 1.0, d_penalty: 0.0, L: 2, z_dim: 2, bs: 64
| EPOCH |      PLF-JD     |      PLF-FMD    |      PLF-NEW    |      MSE        |
   1   3.345033645629883 0 0 0.016463637351989746
   10   3.386935234069824 0 0 0.016502661630511284
   20   3.340458393096924 0 0 0.01640942506492138
   30   3.186410903930664 0 0 0.016498731449246407
   40   3.3356893062591553 0 0 0.01651228591799736
   50   3.2763049602508545 0 0 0.016486508771777153
   60   3.2241013050079346 0 0 0.01648850552737713
   70   3.414924383163452 0 0 0.01635732688009739
   80   3.3972220420837402 0 0 0.0163972619920969
Total Training Time: 3.883711164461242 hours 
l_NEW: 0.0, l_JD : 0.002, l_FMD: 0.0, l_MSE: 1.0, d_penalty: 0.0, L: 2, z_dim: 2, bs: 64
| EPOCH |      PLF-JD     |      PLF-FMD    |      PLF-NEW    |      MSE        |
   1   3.3323748111724854 0 0 0.016623588278889656
   10   3.322951555252075 0 0 0.016593782231211662
Total Training Time: 0.5266701553265254 hours 
