l_NEW: 0.0, l_JD : 0.04, l_FMD: 0.0, l_MSE: 1.0, d_penalty: 0.0, L: 2, z_dim: 8, bs: 64
| EPOCH |      PLF-JD     |      PLF-FMD    |      PLF-NEW    |      MSE        |
l_NEW: 0.0, l_JD : 0.04, l_FMD: 0.0, l_MSE: 1.0, d_penalty: 0.0, L: 2, z_dim: 8, bs: 64
| EPOCH |      PLF-JD     |      PLF-FMD    |      PLF-NEW    |      MSE        |
   1   3.0136878490448 0 0 0.018078451976180077
   10   1.8802897930145264 0 0 0.02262440137565136
   20   1.757887363433838 0 0 0.023025915026664734
   30   1.62140691280365 0 0 0.023196840658783913
   40   1.6071245670318604 0 0 0.0232758317142725
   50   1.5501843690872192 0 0 0.02332328073680401
   60   1.4631462097167969 0 0 0.023374304175376892
   70   1.4499311447143555 0 0 0.023596055805683136
   80   1.4417752027511597 0 0 0.023164456710219383
   90   1.4009253978729248 0 0 0.023139983415603638
   100   1.421172857284546 0 0 0.02311686985194683
   110   1.3409794569015503 0 0 0.023212799802422523
   120   1.3302587270736694 0 0 0.02320030890405178
   130   1.2283247709274292 0 0 0.023178959265351295
   140   1.2872732877731323 0 0 0.023172225803136826
   150   1.291363000869751 0 0 0.02305036038160324
   160   1.2735506296157837 0 0 0.022996127605438232
   170   1.2699731588363647 0 0 0.022661907598376274
   180   1.2642781734466553 0 0 0.023057451471686363
   190   1.2063300609588623 0 0 0.022874487563967705
   200   1.239176869392395 0 0 0.0229024775326252
   210   1.201244592666626 0 0 0.022792741656303406
   220   1.2603036165237427 0 0 0.022781532257795334
   230   1.282678484916687 0 0 0.022546518594026566
l_NEW: 0.0, l_JD : 0.04, l_FMD: 0.0, l_MSE: 1.0, d_penalty: 0.0, L: 2, z_dim: 8, bs: 64
| EPOCH |      PLF-JD     |      PLF-FMD    |      PLF-NEW    |      MSE        |
   1   1.2358819246292114 0 0 0.022867873311042786
   10   1.2224889993667603 0 0 0.022628650069236755
   20   1.2034850120544434 0 0 0.0229110736399889
   30   1.1919450759887695 0 0 0.02232125960290432
   40   1.245934009552002 0 0 0.02268853783607483
   50   1.208067774772644 0 0 0.022768506780266762
   60   1.2061764001846313 0 0 0.022807680070400238
   70   1.1996653079986572 0 0 0.02269297093153
Total Training Time: 3.4130727088451387 hours 
