l_NEW: 0.002, l_JD : 0.0, l_FMD: 0.0, l_MSE: 1.0, d_penalty: 0.0, L: 2, z_dim: 2, bs: 64
| EPOCH |      PLF-JD     |      PLF-FMD    |      PLF-NEW    |      MSE        |
   1   0 0 4.247772693634033 0.014881206676363945
   10   0 0 3.360391139984131 0.01598123088479042
   20   0 0 3.2755932807922363 0.01607251539826393
   30   0 0 3.3759043216705322 0.016104737296700478
   40   0 0 3.1925957202911377 0.016306979581713676
   50   0 0 3.094566583633423 0.016267865896224976
   60   0 0 3.2824525833129883 0.016267694532871246
   70   0 0 3.0496697425842285 0.016413262113928795
Total Training Time: 3.560639100935724 hours 
l_NEW: 0.002, l_JD : 0.0, l_FMD: 0.0, l_MSE: 1.0, d_penalty: 0.0, L: 2, z_dim: 2, bs: 64
| EPOCH |      PLF-JD     |      PLF-FMD    |      PLF-NEW    |      MSE        |
   1   0 0 3.199892997741699 0.016342895105481148
   10   0 0 3.1038408279418945 0.016535045579075813
   20   0 0 3.037153482437134 0.016290856525301933
   30   0 0 3.17801570892334 0.016424451023340225
   40   0 0 3.2004215717315674 0.016434794291853905
   50   0 0 2.998424768447876 0.016507955268025398
   60   0 0 3.0732009410858154 0.01634753867983818
   70   0 0 3.0282979011535645 0.016386782750487328
Total Training Time: 3.372301899989446 hours 
l_NEW: 0.002, l_JD : 0.0, l_FMD: 0.0, l_MSE: 1.0, d_penalty: 0.0, L: 2, z_dim: 2, bs: 64
| EPOCH |      PLF-JD     |      PLF-FMD    |      PLF-NEW    |      MSE        |
   1   0 0 3.138411283493042 0.01643851399421692
   10   0 0 3.097128391265869 0.016406483948230743
   20   0 0 3.2170348167419434 0.016347583383321762
   30   0 0 3.0563321113586426 0.01653212308883667
   40   0 0 3.008700132369995 0.01647670567035675
   50   0 0 3.119614601135254 0.01642492413520813
   60   0 0 3.094111919403076 0.016491346061229706
   70   0 0 3.0032007694244385 0.016456598415970802
Total Training Time: 3.3551686578326754 hours 
l_NEW: 0.002, l_JD : 0.0, l_FMD: 0.0, l_MSE: 1.0, d_penalty: 0.0, L: 2, z_dim: 2, bs: 64
| EPOCH |      PLF-JD     |      PLF-FMD    |      PLF-NEW    |      MSE        |
   1   0 0 3.12929630279541 0.01648889109492302
   10   0 0 3.05875301361084 0.016674626618623734
   20   0 0 2.9347000122070312 0.01657015085220337
   30   0 0 2.9484469890594482 0.016523610800504684
   40   0 0 3.1118719577789307 0.016474884003400803
   50   0 0 2.9907264709472656 0.01657678186893463
   60   0 0 2.8740713596343994 0.01658572070300579
   70   0 0 2.899763822555542 0.0166667141020298
l_NEW: 0.002, l_JD : 0.0, l_FMD: 0.0, l_MSE: 1.0, d_penalty: 0.0, L: 2, z_dim: 2, bs: 64
| EPOCH |      PLF-JD     |      PLF-FMD    |      PLF-NEW    |      MSE        |
   1   0 0 2.9794540405273438 0.016524787992239
   10   0 0 2.9682276248931885 0.01651058718562126
   20   0 0 2.847752094268799 0.01657046750187874
Total Training Time: 1.020346450275845 hours 
