l_PN, l_P, l_MSE, d_penalty  0.0 0.0 1.0 0.0
| EPOCH | PLF-JD | PLF-FMD | PLF-NEW | MSE |
1 5.5671305656433105 1.169568657875061 1.4421136379241943 0.014798616990447044
10 5.50715970993042 1.0275630950927734 1.3322608470916748 0.015038898214697838
20 5.64603328704834 1.0542738437652588 1.3997787237167358 0.014865242876112461
30 5.584121227264404 1.0454990863800049 1.390885829925537 0.014845006167888641
40 5.631621837615967 1.0500049591064453 1.380237340927124 0.014948222786188126
50 5.602818012237549 1.0580968856811523 1.439879298210144 0.014929508790373802
60 5.719249725341797 1.0360909700393677 1.41493821144104 0.01479367446154356
70 5.739247798919678 1.0030457973480225 1.3932769298553467 0.014929051510989666
80 5.782293796539307 1.0342838764190674 1.4350486993789673 0.014886694960296154
Total Training Time: 7.110626039769914 hours 
l_PN, l_P, l_MSE, d_penalty  0.0 0.0 1.0 0.0
| EPOCH | PLF-JD | PLF-FMD | PLF-NEW | MSE |
1 5.816821575164795 1.0200130939483643 1.4439010620117188 0.01502625085413456
10 5.780025482177734 1.0393778085708618 1.4423627853393555 0.014874955639243126
20 5.786721229553223 1.0303080081939697 1.4896445274353027 0.014903463423252106
30 5.877835273742676 0.9579435586929321 1.4262216091156006 0.015142654068768024
40 5.842668533325195 0.9501211047172546 1.4173599481582642 0.014908311888575554
50 5.802343845367432 0.9337614178657532 1.361182451248169 0.014906174503266811
60 5.840819358825684 0.9462002515792847 1.423799753189087 0.014734183438122272
70 5.922672748565674 0.9352021217346191 1.403662919998169 0.01480955071747303
80 5.9980645179748535 0.9256441593170166 1.4319498538970947 0.014791474677622318
Total Training Time: 7.478328048123254 hours 
