l_NEW: 0.0, l_JD : 0.0005, l_FMD: 0.0, l_MSE: 1.0, d_penalty: 0.0,step:[11, 5], L: 2, z_dim: 1, bs: 64, bit_rate: 2, s_b: False
| EPOCH |      PLF-JD     |      PLF-FMD    |      PLF-NEW    |      MSE        |
   1   7.29518985748291 0 0 0.015285060741007328
   10   8.132328987121582 0 0 0.01524640154093504
   20   8.207952499389648 0 0 0.015296652913093567
   30   8.00064468383789 0 0 0.015226056799292564
   40   8.506102561950684 0 0 0.015259440056979656
   50   8.416662216186523 0 0 0.015343516133725643
   60   8.240413665771484 0 0 0.01524356473237276
   70   8.236616134643555 0 0 0.015206960029900074
   80   8.332853317260742 0 0 0.01523564662784338
   90   8.353608131408691 0 0 0.015209760516881943
   100   8.253335952758789 0 0 0.015262503176927567
   110   8.310770988464355 0 0 0.015190819278359413
   120   8.414748191833496 0 0 0.015208606608211994
   130   8.419269561767578 0 0 0.015165749937295914
   140   8.272205352783203 0 0 0.01523498073220253
   150   8.49600887298584 0 0 0.015216296538710594
   160   8.39358901977539 0 0 0.015200597234070301
   170   8.443889617919922 0 0 0.015210234560072422
   180   8.586702346801758 0 0 0.015210602432489395
   190   8.387320518493652 0 0 0.015232826583087444
   200   8.450579643249512 0 0 0.015257460065186024
   210   8.616373062133789 0 0 0.015215503983199596
   220   8.609067916870117 0 0 0.015232564881443977
   230   8.501265525817871 0 0 0.01515143271535635
   240   8.56299877166748 0 0 0.015304558910429478
   250   8.62690544128418 0 0 0.015114938840270042
   260   8.499832153320312 0 0 0.01517702080309391
   270   8.358985900878906 0 0 0.015173984691500664
   280   8.312688827514648 0 0 0.015194431878626347
   290   8.390507698059082 0 0 0.01516089215874672
   300   8.520585060119629 0 0 0.01516173779964447
   310   8.386374473571777 0 0 0.015182661823928356
   320   8.505942344665527 0 0 0.0151409562677145
   330   8.300514221191406 0 0 0.015206266194581985
   340   8.40238094329834 0 0 0.01519826054573059
   350   8.544629096984863 0 0 0.0150999054312706
   360   8.428960800170898 0 0 0.015161393210291862
   370   8.454719543457031 0 0 0.015180024318397045
   380   8.456014633178711 0 0 0.015161056071519852
   390   8.426036834716797 0 0 0.01513342373073101
   400   8.476571083068848 0 0 0.015192386694252491
   410   8.411693572998047 0 0 0.015120064839720726
   420   8.591678619384766 0 0 0.015189399011433125
   430   8.393115043640137 0 0 0.0152268772944808
   440   8.402019500732422 0 0 0.015201183967292309
   450   8.627643585205078 0 0 0.015145494602620602
Total Training Time: 10.873849098417494 hours 
