l_NEW: 0.0, l_JD : 0.01, l_FMD: 0.0, l_MSE: 1.0, d_penalty: 0.0,step:20, L: 2, z_dim: 1, bs: 64, bit_rate: 2, s_b: False, dataset:mmnist_4_axis_random_sample_step
| EPOCH |      PLF-JD     |      PLF-FMD    |      PLF-NEW    |      MSE        |
   1   4.6292524337768555 0 0 0.026334837079048157
   10   4.004402160644531 0 0 0.027611277997493744
   20   3.659806489944458 0 0 0.028269516304135323
   30   3.4155492782592773 0 0 0.029086938127875328
   40   2.911128282546997 0 0 0.02954908460378647
   50   2.6967360973358154 0 0 0.02995161898434162
   60   2.725111246109009 0 0 0.02974661998450756
   70   2.566084146499634 0 0 0.030262578278779984
   80   2.493434429168701 0 0 0.03079538606107235
   90   2.5408012866973877 0 0 0.029876161366701126
   100   2.6291511058807373 0 0 0.030123349279165268
   110   2.514387845993042 0 0 0.03051314689218998
   120   2.4971439838409424 0 0 0.03060772456228733
   130   2.4711601734161377 0 0 0.030118532478809357
   140   2.4246726036071777 0 0 0.030135121196508408
   150   2.5328314304351807 0 0 0.0304556917399168
   160   2.4445929527282715 0 0 0.030274460092186928
   170   2.543766975402832 0 0 0.030668850988149643
   180   2.4388089179992676 0 0 0.030791359022259712
   190   2.3814139366149902 0 0 0.030659209936857224
   200   2.3844950199127197 0 0 0.031041791662573814
   210   2.2627081871032715 0 0 0.030725620687007904
   220   2.3269739151000977 0 0 0.03123123198747635
   230   2.309060573577881 0 0 0.03139631077647209
   240   2.232241153717041 0 0 0.031199317425489426
   250   1.9986628293991089 0 0 0.03131336346268654
   260   2.1417086124420166 0 0 0.031343478709459305
   270   2.1037073135375977 0 0 0.031060652807354927
   280   2.1339879035949707 0 0 0.031198373064398766
   290   2.0602595806121826 0 0 0.03113676980137825
   300   2.073974132537842 0 0 0.03133957460522652
   310   1.955305576324463 0 0 0.031216995790600777
   320   2.0679702758789062 0 0 0.03136067092418671
   330   1.9424277544021606 0 0 0.031332746148109436
