l_PN, l_P, l_MSE, d_penalty  0.0 0.0 1.0 0.0
| EPOCH | PLF-JD | PLF-FMD | PLF-NEW | MSE |
1 5.747300624847412 1.6840479373931885 1.801698923110962 0.01279139518737793
10 5.736964702606201 1.5846507549285889 1.6773172616958618 0.012835408560931683
20 5.699706554412842 1.5600849390029907 1.687163233757019 0.01288672536611557
30 5.756393909454346 1.6421204805374146 1.7232589721679688 0.012791668996214867
40 5.875790119171143 1.5710455179214478 1.6327530145645142 0.012837989255785942
50 5.858353614807129 1.4944249391555786 1.6124924421310425 0.013061000034213066
60 5.828053951263428 1.5408337116241455 1.6609773635864258 0.012977891601622105
70 5.7834930419921875 1.5526671409606934 1.6548043489456177 0.012938693165779114
80 5.83774471282959 1.4832793474197388 1.639458417892456 0.012976459227502346
Total Training Time: 7.508794520232413 hours 
l_PN, l_P, l_MSE, d_penalty  0.0 0.0 1.0 0.0
| EPOCH | PLF-JD | PLF-FMD | PLF-NEW | MSE |
1 5.861662864685059 1.4989093542099 1.6441131830215454 0.013116676360368729
10 5.886448383331299 1.4181102514266968 1.5378202199935913 0.013140491209924221
20 5.892639636993408 1.5052930116653442 1.6230663061141968 0.012840942479670048
30 5.8935089111328125 1.4586031436920166 1.5874028205871582 0.012988331727683544
40 5.937521457672119 1.4586557149887085 1.6088922023773193 0.013002094812691212
50 5.895340919494629 1.4630943536758423 1.5774503946304321 0.012939865700900555
60 5.875881195068359 1.3857616186141968 1.5388506650924683 0.013017271645367146
70 5.948203086853027 1.4139305353164673 1.5679492950439453 0.013063384220004082
80 5.9028639793396 1.401435375213623 1.5799249410629272 0.012912848964333534
Total Training Time: 7.169271438320478 hours 
l_PN, l_P, l_MSE, d_penalty  0.0 0.0 1.0 0.0
| EPOCH | PLF-JD | PLF-FMD | PLF-NEW | MSE |
1 5.933518409729004 1.426283359527588 1.6000875234603882 0.01308534201234579
10 5.8522233963012695 1.3839606046676636 1.5676181316375732 0.012999181635677814
20 5.905577659606934 1.3864613771438599 1.5183011293411255 0.01304835919290781
30 5.956017017364502 1.3692188262939453 1.4941740036010742 0.01291803177446127
40 5.8620452880859375 1.3180409669876099 1.5297387838363647 0.01309229340404272
50 5.927523612976074 1.3823195695877075 1.5166404247283936 0.013004254549741745
60 5.957183361053467 1.3216544389724731 1.510219693183899 0.012988178059458733
70 5.902125358581543 1.3704838752746582 1.5091506242752075 0.013024184852838516
80 6.036669731140137 1.343691110610962 1.5437440872192383 0.013047310523688793
Total Training Time: 7.281416788167424 hours 
l_NEW: 0.0, l_JD : 0.0, l_FMD: 0.003, l_MSE: 1.0, d_penalty: 0.0, L: 2, z_dim: 6, bs: 64
| EPOCH |      PLF-JD     |      PLF-FMD    |      PLF-NEW    |      MSE        |
   1   0 2.3985114097595215 0 0.011641785502433777
l_NEW: 0.0, l_JD : 0.0, l_FMD: 0.003, l_MSE: 1.0, d_penalty: 0.0, L: 2, z_dim: 6, bs: 64
| EPOCH |      PLF-JD     |      PLF-FMD    |      PLF-NEW    |      MSE        |
   1   0 2.3380255699157715 0 0.0117344344034791
   10   0 1.7615666389465332 0 0.012633305042982101
   20   0 1.7284860610961914 0 0.012722090817987919
   30   0 1.6681208610534668 0 0.012862707488238811
   40   0 1.5892081260681152 0 0.012935438193380833
   50   0 1.6182500123977661 0 0.012869571335613728
   60   0 1.6815463304519653 0 0.012837808579206467
   70   0 1.6465801000595093 0 0.012761573307216167
   80   0 1.6693015098571777 0 0.01270364597439766
   90   0 1.5894267559051514 0 0.012857264839112759
   100   0 1.5937868356704712 0 0.012938001193106174
Total Training Time: 4.738961284028159 hours 
l_NEW: 0.0, l_JD : 0.0, l_FMD: 0.003, l_MSE: 1.0, d_penalty: 0.0, L: 2, z_dim: 6, bs: 64
| EPOCH |      PLF-JD     |      PLF-FMD    |      PLF-NEW    |      MSE        |
   1   0 1.5095598697662354 0 0.013070909306406975
   10   0 1.546553611755371 0 0.012941588647663593
   20   0 1.598671793937683 0 0.012908834964036942
   30   0 1.5087854862213135 0 0.012854915112257004
   40   0 1.5425406694412231 0 0.012817449867725372
   50   0 1.4932230710983276 0 0.012851794250309467
   60   0 1.5201313495635986 0 0.012856735847890377
   70   0 1.5188218355178833 0 0.012934844940900803
   80   0 1.4485832452774048 0 0.012984875589609146
   90   0 1.4904338121414185 0 0.01298870425671339
   100   0 1.3996773958206177 0 0.012936985120177269
   110   0 1.4433468580245972 0 0.012968543916940689
   120   0 1.4888734817504883 0 0.0129017885774374
   130   0 1.4223997592926025 0 0.012950888834893703
   140   0 1.4093736410140991 0 0.012978761456906796
   150   0 1.3882298469543457 0 0.012960344552993774
Total Training Time: 7.24590567668279 hours 
l_NEW: 0.0, l_JD : 0.0, l_FMD: 0.003, l_MSE: 1.0, d_penalty: 0.0, L: 2, z_dim: 6, bs: 64
| EPOCH |      PLF-JD     |      PLF-FMD    |      PLF-NEW    |      MSE        |
   1   0 1.4011902809143066 0 0.013045376166701317
   10   0 1.3434357643127441 0 0.012995773926377296
   20   0 1.3331032991409302 0 0.013017150573432446
   30   0 1.4517961740493774 0 0.012884086929261684
   40   0 1.3324638605117798 0 0.01308252289891243
   50   0 1.3602150678634644 0 0.013111650012433529
   60   0 1.3513948917388916 0 0.013000134378671646
   70   0 1.4534422159194946 0 0.012951336801052094
   80   0 1.2975791692733765 0 0.01305022556334734
   90   0 1.272977352142334 0 0.013059170916676521
   100   0 1.2524044513702393 0 0.012977498583495617
   110   0 1.3301403522491455 0 0.012975908815860748
