l_NEW: 0.0, l_JD : 0.008, l_FMD: 0.0, l_MSE: 1.0, d_penalty: 0.0, L: 2, z_dim: 1, bs: 64
| EPOCH |      PLF-JD     |      PLF-FMD    |      PLF-NEW    |      MSE        |
   1   2.703566789627075 0 0 0.021965909749269485
   10   1.9526808261871338 0 0 0.02349446713924408
   20   1.9616765975952148 0 0 0.023647619411349297
   30   1.9514762163162231 0 0 0.023521210998296738
   40   1.8124494552612305 0 0 0.02393961139023304
   50   1.759757161140442 0 0 0.024161050096154213
   60   1.6793466806411743 0 0 0.02421308122575283
   70   1.6845333576202393 0 0 0.02430194616317749
   80   1.6285063028335571 0 0 0.024477582424879074
   90   1.5562996864318848 0 0 0.02479209005832672
   100   1.506852388381958 0 0 0.02473050355911255
   110   1.5584206581115723 0 0 0.024581322446465492
   120   1.5123486518859863 0 0 0.02476377785205841
   130   1.4765989780426025 0 0 0.024814048781991005
   140   1.490317463874817 0 0 0.024773141369223595
   150   1.366584300994873 0 0 0.024983134120702744
Total Training Time: 7.426490086052153 hours 
l_NEW: 0.0, l_JD : 0.008, l_FMD: 0.0, l_MSE: 1.0, d_penalty: 0.0, L: 2, z_dim: 1, bs: 64
| EPOCH |      PLF-JD     |      PLF-FMD    |      PLF-NEW    |      MSE        |
   1   1.4344090223312378 0 0 0.02498689852654934
   10   1.4263299703598022 0 0 0.024582242593169212
   20   1.4027656316757202 0 0 0.02491919882595539
   30   1.4221885204315186 0 0 0.024746088311076164
   40   1.3900465965270996 0 0 0.024809835478663445
   50   1.416955828666687 0 0 0.024524549022316933
   60   1.3505326509475708 0 0 0.024659110233187675
   70   1.3753608465194702 0 0 0.024794943630695343
   80   1.3830065727233887 0 0 0.02449292317032814
   90   1.3316116333007812 0 0 0.02448832057416439
   100   1.3373851776123047 0 0 0.024694733321666718
   110   1.3216979503631592 0 0 0.024560024961829185
   120   1.2768436670303345 0 0 0.02485135942697525
   130   1.364610195159912 0 0 0.02460266835987568
   140   1.3158318996429443 0 0 0.0247076116502285
   150   1.339033842086792 0 0 0.024447256699204445
Total Training Time: 7.46028762002786 hours 
