l_NEW: 0.008, l_JD : 0.0, l_FMD: 0.0, l_MSE: 1.0, d_penalty: 0.0, L: 2, z_dim: 2, bs: 64
| EPOCH |      PLF-JD     |      PLF-FMD    |      PLF-NEW    |      MSE        |
   1   0 0 2.5331859588623047 0.019284594804048538
   10   0 0 1.5579564571380615 0.02127377688884735
   20   0 0 1.5293269157409668 0.021546008065342903
   30   0 0 1.3930646181106567 0.021930253133177757
   40   0 0 1.5173676013946533 0.02127646841108799
   50   0 0 1.4242228269577026 0.021747399121522903
   60   0 0 1.518041968345642 0.021221255883574486
   70   0 0 1.3958485126495361 0.021739931777119637
Total Training Time: 3.4165290417936114 hours 
l_NEW: 0.008, l_JD : 0.0, l_FMD: 0.0, l_MSE: 1.0, d_penalty: 0.0, L: 2, z_dim: 2, bs: 64
| EPOCH |      PLF-JD     |      PLF-FMD    |      PLF-NEW    |      MSE        |
   1   0 0 1.3932827711105347 0.021680759266018867
   10   0 0 1.4567904472351074 0.021331122145056725
   20   0 0 1.3815982341766357 0.021729493513703346
   30   0 0 1.3144657611846924 0.02189609222114086
   40   0 0 1.2834762334823608 0.021596869453787804
   50   0 0 1.4081575870513916 0.021456079557538033
   60   0 0 1.3570432662963867 0.021652622148394585
   70   0 0 1.3298752307891846 0.021706966683268547
Total Training Time: 3.508064726193746 hours 
l_NEW: 0.008, l_JD : 0.0, l_FMD: 0.0, l_MSE: 1.0, d_penalty: 0.0, L: 2, z_dim: 2, bs: 64
| EPOCH |      PLF-JD     |      PLF-FMD    |      PLF-NEW    |      MSE        |
   1   0 0 1.392187237739563 0.021669544279575348
   10   0 0 1.3111952543258667 0.021951042115688324
   20   0 0 1.2988389730453491 0.021469300612807274
   30   0 0 1.3289364576339722 0.021378446370363235
   40   0 0 1.2498717308044434 0.021815311163663864
   50   0 0 1.3097501993179321 0.021714217960834503
   60   0 0 1.2434440851211548 0.021814990788698196
   70   0 0 1.2250401973724365 0.02198142744600773
Total Training Time: 3.484643093546232 hours 
l_NEW: 0.008, l_JD : 0.0, l_FMD: 0.0, l_MSE: 1.0, d_penalty: 0.0, L: 2, z_dim: 2, bs: 64
| EPOCH |      PLF-JD     |      PLF-FMD    |      PLF-NEW    |      MSE        |
   1   0 0 1.2357953786849976 0.02182719111442566
   10   0 0 1.1885212659835815 0.0218547061085701
   20   0 0 1.3065946102142334 0.02160557173192501
   30   0 0 1.1400429010391235 0.022365637123584747
   40   0 0 1.204430103302002 0.02186136320233345
   50   0 0 1.1880216598510742 0.021803852170705795
   60   0 0 1.13893461227417 0.02204439602792263
   70   0 0 1.1352465152740479 0.021933941170573235
l_NEW: 0.008, l_JD : 0.0, l_FMD: 0.0, l_MSE: 1.0, d_penalty: 0.0, L: 2, z_dim: 2, bs: 64
| EPOCH |      PLF-JD     |      PLF-FMD    |      PLF-NEW    |      MSE        |
   1   0 0 1.2269470691680908 0.021790947765111923
   10   0 0 1.1220616102218628 0.022339588031172752
   20   0 0 1.0930646657943726 0.022085733711719513
Total Training Time: 1.0332120094034407 hours 
